-5.000000000000000000e-01 -1.003742589969452287e-02 -7.010096181364570966e-02
-4.450000000000000067e-01 -6.941361370757672018e-03 -5.287202009222293636e-02
-3.900000000000000133e-01 -1.114316323145768395e-02 -4.029157228279001135e-02
-3.349999999999999645e-01 -8.341961990991009906e-03 -3.848382465034951710e-02
-2.800000000000000266e-01 -1.044286292134101457e-02 -3.700811229733685231e-02
-2.249999999999999778e-01 -7.789093325109428499e-03 -3.715568353263811602e-02
-1.699999999999999845e-01 -1.118002114251645529e-02 -3.582754241492673575e-02
-1.149999999999999911e-01 -1.162231607522172007e-02 -3.689743387086091148e-02
-5.999999999999999778e-02 -1.077458412086996359e-02 -3.667607701790900898e-02
-5.000000000000004441e-03 -1.593469166909804863e-02 -3.379843792953432513e-02
5.000000000000004441e-02 -1.165917398628049141e-02 1.246514433741250510e-02
1.049999999999999822e-01 -2.076117110999765956e-03 6.765678634008592818e-02
1.600000000000000311e-01 1.450994286544764721e-02 1.212251447544454158e-01
2.149999999999999689e-01 2.519873707249153591e-02 1.787041409042884610e-01
2.700000000000000178e-01 3.857815878682577942e-02 2.339326757157871861e-01
3.249999999999999556e-01 4.908266343857578540e-02 2.882019974978277110e-01
3.800000000000000044e-01 6.176178484279335607e-02 3.414014278239339562e-01
4.350000000000000533e-01 7.381432175901181392e-02 3.970726763413365834e-01
4.899999999999999911e-01 8.995808680275399483e-02 4.524118895793112216e-01
5.449999999999999289e-01 1.028583556733242005e-01 5.077511028172858598e-01
6.000000000000000888e-01 1.138788710798970399e-01 5.623893526875796134e-01
6.550000000000000266e-01 1.288431829697584963e-01 6.190935998520910033e-01
7.099999999999999645e-01 1.394214034436260519e-01 6.720347805164199606e-01
7.649999999999999023e-01 1.578135010619532985e-01 7.294768838574376968e-01
8.200000000000000622e-01 1.701609012666419063e-01 7.830821350806225212e-01
8.750000000000000000e-01 1.859360871997963460e-01 8.397863822451340221e-01
9.299999999999999378e-01 1.978043345607209402e-01 8.936498831300958567e-01
9.850000000000000977e-01 2.158647109795192309e-01 9.464434925591236336e-01
1.040000000000000036e+00 2.272169475856210541e-01 1.003848703091316352e+00
1.094999999999999973e+00 2.399329269008974030e-01 1.056199598814440588e+00
1.149999999999999911e+00 2.546760913244062174e-01 1.113641702155458102e+00
1.205000000000000071e+00 2.701195560580316735e-01 1.169571200334637684e+00
1.260000000000000009e+00 2.861896052796562562e-01 1.219708527528242881e+00
1.314999999999999947e+00 3.020385070349282386e-01 1.274125420545584531e+00
1.370000000000000107e+00 3.163393765257317969e-01 1.329796669062987213e+00
1.425000000000000044e+00 3.304559564612414291e-01 1.384287347697979342e+00
1.479999999999999982e+00 3.449411155073388580e-01 1.442061486318425123e+00
1.535000000000000142e+00 3.576939527336739366e-01 1.495482273497483305e+00
1.589999999999999858e+00 3.713313798254196385e-01 1.551522450103138828e+00
1.645000000000000018e+00 3.886914559341012598e-01 1.606714092105812730e+00
1.700000000000000178e+00 4.009282824056134564e-01 1.661167877931979620e+00
1.754999999999999893e+00 4.155240151848871855e-01 1.719938122390708868e+00
1.810000000000000053e+00 4.289402948102802315e-01 1.773358909569767050e+00
1.865000000000000213e+00 4.453420652314337702e-01 1.826558339895873351e+00
1.919999999999999929e+00 4.574683179697697777e-01 1.881971338751498024e+00
1.975000000000000089e+00 4.748283940784513990e-01 1.937753265695377314e+00
2.029999999999999805e+00 4.899032797014891694e-01 1.992133265903893280e+00
2.084999999999999964e+00 5.031721276826470746e-01 2.046660837347711315e+00
2.140000000000000124e+00 5.183575870388611451e-01 2.102701013953367060e+00
2.194999999999999840e+00 5.350173628374260693e-01 2.159220797073751363e+00
2.250000000000000000e+00 5.454481516670585117e-01 2.211608585605700839e+00
2.305000000000000160e+00 5.590855787588041581e-01 2.267095370078977101e+00
2.359999999999999876e+00 5.762613653121919643e-01 2.323836510052313287e+00
2.415000000000000036e+00 5.879821810288814454e-01 2.379028152054986744e+00
2.470000000000000195e+00 6.031307824740367307e-01 2.435326578322420499e+00
2.524999999999999911e+00 6.162890567220183913e-01 2.490001721001539270e+00
2.580000000000000071e+00 6.291524676815297701e-01 2.541651653356982177e+00
2.635000000000000231e+00 6.427530368622166312e-01 2.599204435124476742e+00
2.689999999999999947e+00 6.585650807064298284e-01 2.653326185671214699e+00
2.745000000000000107e+00 6.733082451299388094e-01 2.707374150600303953e+00
2.799999999999999822e+00 6.881251253755650277e-01 2.761200758676440437e+00
2.854999999999999982e+00 7.005462414023712059e-01 2.817130256855620463e+00
2.910000000000000142e+00 7.132990786287063401e-01 2.864205480916723889e+00
2.964999999999999858e+00 7.129304995181185989e-01 2.865681193269736582e+00
3.020000000000000018e+00 7.092078505011826239e-01 2.865275372372657170e+00
3.075000000000000178e+00 7.107927406767098333e-01 2.862619090137235478e+00
3.129999999999999893e+00 7.106084511214159072e-01 2.864131695299072522e+00
3.185000000000000053e+00 7.127830678738834580e-01 2.865607407652085215e+00
3.240000000000000213e+00 7.083969764578895711e-01 2.864353052152024848e+00
3.294999999999999929e+00 7.077335340588316592e-01 2.865201586755007579e+00
3.350000000000000089e+00 7.094658558785940095e-01 2.866382156637416134e+00
3.404999999999999805e+00 7.107927406767098333e-01 2.864353052152024848e+00
3.459999999999999964e+00 7.122301992080019017e-01 2.864648194622627653e+00
3.514999999999999680e+00 7.072543812150676734e-01 2.864463730578501011e+00
3.570000000000000284e+00 7.050429065515413374e-01 2.866087014166815106e+00
3.625000000000000000e+00 7.017625524673106741e-01 2.866787977534496434e+00
3.679999999999999716e+00 6.879408358202711016e-01 2.869776295049346615e+00
3.735000000000000320e+00 6.754091460602886787e-01 2.869222902916966689e+00
3.790000000000000036e+00 6.642411990094807539e-01 2.873539361549528603e+00
3.844999999999999751e+00 6.513040722278516936e-01 2.876195643784950740e+00
3.900000000000000355e+00 6.291524676815297701e-01 2.884127597682394573e+00
3.955000000000000071e+00 6.128981289046113723e-01 2.887706200138449919e+00
4.009999999999999787e+00 5.936951572429911561e-01 2.891985765962186594e+00
4.065000000000000391e+00 5.748607646919585701e-01 2.895785725271194266e+00
4.120000000000000107e+00 5.495393797945822278e-01 2.900286647947883267e+00
4.174999999999999822e+00 5.293043866233164696e-01 2.905672998036379795e+00
4.230000000000000426e+00 5.054573181682909810e-01 2.910727312845448278e+00
4.285000000000000142e+00 4.803570807372671836e-01 2.917626268095781850e+00
4.339999999999999858e+00 4.548514062845969708e-01 2.921868941110692841e+00
4.395000000000000462e+00 4.337318232479205893e-01 2.930723215228769440e+00
4.450000000000000178e+00 4.088158753721907179e-01 2.939060990023290909e+00
4.504999999999999893e+00 3.843790803402248879e-01 2.940426023949827439e+00
4.559999999999999609e+00 3.634806447699011622e-01 2.945923052464799685e+00
4.615000000000000213e+00 3.382698336057011201e-01 2.956769538259442331e+00
4.669999999999999929e+00 3.150124917276159731e-01 2.962709280480318785e+00
4.724999999999999645e+00 2.868899055897729533e-01 2.969091736407099447e+00
4.780000000000000249e+00 2.626005422020421531e-01 2.975252835480926006e+00
4.834999999999999964e+00 2.392694845018394911e-01 2.986025535657919505e+00
4.889999999999999680e+00 2.130635097390525534e-01 2.991817706643494112e+00
4.945000000000000284e+00 1.893270150172033650e-01 3.002295264349883475e+00
5.000000000000000000e+00 1.633421877207690831e-01 3.010227218247325975e+00
