-5.000000000000000000e-01 -2.172138370532525342e-02 -6.416121959276976927e-02
-4.450000000000000067e-01 -2.002591979662174046e-02 -4.848177584201027179e-02
-3.900000000000000133e-01 -2.017335144085682930e-02 -3.826246779739761461e-02
-3.349999999999999645e-01 -1.774072931097787562e-02 -3.413047320896217540e-02
-2.800000000000000266e-01 -2.046821472932700350e-02 -3.405668759131154355e-02
-2.249999999999999778e-01 -2.013649352979805796e-02 -3.586443522375204473e-02
-1.699999999999999845e-01 -1.833045588791822750e-02 -3.461007972369128938e-02
-1.149999999999999911e-01 -1.796187677733051061e-02 -3.446250848839002567e-02
-5.999999999999999778e-02 -1.836731379897699884e-02 -3.523725747372166706e-02
-5.000000000000004441e-03 -1.973105650815156278e-02 -3.472075815016724409e-02
5.000000000000004441e-02 2.022291907955731105e-02 1.626510364642009751e-02
1.049999999999999822e-01 7.993273499476796773e-02 6.987035486960491149e-02
1.600000000000000311e-01 1.376522237128049997e-01 1.247668544016758002e-01
2.149999999999999689e-01 2.083088392124709531e-01 1.809546022426327394e-01
2.700000000000000178e-01 2.752059477841422019e-01 2.362569226717821103e-01
3.249999999999999556e-01 3.465628635939247970e-01 2.917437071450580399e-01
3.800000000000000044e-01 4.154502993627696705e-01 3.451644943241163332e-01
4.350000000000000533e-01 4.903087167231356402e-01 4.016104918268504353e-01
4.899999999999999911e-01 5.593804420472743288e-01 4.545885653000049098e-01
5.449999999999999289e-01 6.294473309699999408e-01 5.122151326851492881e-01
6.000000000000000888e-01 6.987402037604912852e-01 5.659679551436352929e-01
6.550000000000000266e-01 7.724191679669767385e-01 6.168062457049212632e-01
7.099999999999999645e-01 8.413066037358216676e-01 6.755027045459996993e-01
7.649999999999999023e-01 9.118157875912527022e-01 7.295875622839138597e-01
8.200000000000000622e-01 9.853104622424440073e-01 7.828238854188452889e-01
8.750000000000000000e-01 1.055266777431993486e+00 8.402290959510378965e-01
9.299999999999999378e-01 1.124338502756132341e+00 8.948673458213312060e-01
9.850000000000000977e-01 1.197759461585206076e+00 9.489522035592453664e-01
1.040000000000000036e+00 1.270664409659457261e+00 1.006246735664961811e+00
1.094999999999999973e+00 1.336861217921011091e+00 1.061585948902936449e+00
1.149999999999999911e+00 1.407812696709147327e+00 1.114305772714313747e+00
1.205000000000000071e+00 1.478911607141518703e+00 1.170272163702318791e+00
1.260000000000000009e+00 1.550931965350359043e+00 1.222438595381316162e+00
1.314999999999999947e+00 1.617386778989325036e+00 1.280987482987093751e+00
1.370000000000000107e+00 1.687195662534639373e+00 1.332821879386663522e+00
1.425000000000000044e+00 1.756304245769836792e+00 1.390854267668885536e+00
1.479999999999999982e+00 1.826592282158915115e+00 1.446193480906859952e+00
1.535000000000000142e+00 1.895664007483053970e+00 1.499356018424141457e+00
1.589999999999999858e+00 1.965399175206250515e+00 1.554068053912085468e+00
1.645000000000000018e+00 2.034839479640977000e+00 1.607783983561747121e+00
1.700000000000000178e+00 2.103579483765587010e+00 1.665521229373366774e+00
1.754999999999999893e+00 2.176521289750896759e+00 1.719901229581883406e+00
1.810000000000000053e+00 2.244339846099037139e+00 1.776531691128744095e+00
1.865000000000000213e+00 2.305044825612834636e+00 1.828698122807741910e+00
1.919999999999999929e+00 2.305855699656127911e+00 1.827849588204759179e+00
1.975000000000000089e+00 2.303386219615190189e+00 1.828439873145964567e+00
2.029999999999999805e+00 2.303496793348366545e+00 1.824676806645782134e+00
2.084999999999999964e+00 2.304676246502247228e+00 1.826115626189969365e+00
2.140000000000000124e+00 2.302759635127190840e+00 1.822647702160389516e+00
2.194999999999999840e+00 2.306445426233068030e+00 1.826484554278222650e+00
2.250000000000000000e+00 2.305450262634481273e+00 1.825783590910541765e+00
2.305000000000000160e+00 2.303312503793072619e+00 1.824639913836956895e+00
2.359999999999999876e+00 2.301359034506957446e+00 1.824935056307559478e+00
2.415000000000000036e+00 2.300806165841076112e+00 1.825451555631114164e+00
2.470000000000000195e+00 2.296530648158258359e+00 1.824676806645781912e+00
2.524999999999999911e+00 2.283998958398275825e+00 1.826558339895873351e+00
2.580000000000000071e+00 2.261736780118777546e+00 1.830395192013706041e+00
2.635000000000000231e+00 2.227422064923060940e+00 1.832719438969701242e+00
2.689999999999999947e+00 2.175710415707603929e+00 1.837183468837564337e+00
2.745000000000000107e+00 2.112167377042280858e+00 1.841094106573047728e+00
2.799999999999999822e+00 2.037714396703561359e+00 1.844635816220278057e+00
2.854999999999999982e+00 1.962376826499431237e+00 1.852161949220642700e+00
2.910000000000000142e+00 1.876608467465668895e+00 1.856662871897331257e+00
2.964999999999999858e+00 1.786785738215441288e+00 1.862897756588810072e+00
3.020000000000000018e+00 1.694604102657452538e+00 1.871383102618632721e+00
3.075000000000000178e+00 1.598146949416646034e+00 1.877950022589539136e+00
3.129999999999999893e+00 1.498114578803138919e+00 1.885734405251680679e+00
3.185000000000000053e+00 1.394248985439519251e+00 1.894994500266835358e+00
3.240000000000000213e+00 1.292889730027896533e+00 1.902631311693675720e+00
3.294999999999999929e+00 1.188434410087336746e+00 1.911153550532324052e+00
3.350000000000000089e+00 1.082504773704425993e+00 1.920376752738652604e+00
3.404999999999999805e+00 9.744373784801063643e-01 1.929046562812602117e+00
3.459999999999999964e+00 8.679917313423726188e-01 1.940409547930799672e+00
3.514999999999999680e+00 7.657110281542802710e-01 1.947566752842911031e+00
3.570000000000000284e+00 6.602236867040746082e-01 1.959335558858187110e+00
3.625000000000000000e+00 5.568741040952778221e-01 1.971620864197017653e+00
3.679999999999999716e+00 4.535245214864811469e-01 1.981913957859280595e+00
3.735000000000000320e+00 3.550401831374424000e-01 1.993645871065731212e+00
3.790000000000000036e+00 2.645540114881571037e-01 2.010173849419473413e+00
3.844999999999999751e+00 1.774587676562787708e-01 2.025004758567250374e+00
3.900000000000000355e+00 1.020843395410899884e-01 2.041348272876865710e+00
3.955000000000000071e+00 4.764520490728367530e-02 2.064369385583863181e+00
4.009999999999999787e+00 7.912376785927453804e-03 2.091116671982217401e+00
4.065000000000000391e+00 -8.452535724167325668e-03 2.119893062865964239e+00
4.120000000000000107e+00 -1.792501886627173580e-02 2.154092696647032845e+00
4.174999999999999822e+00 -1.836731379897699884e-02 2.191723361648855839e+00
4.230000000000000426e+00 -1.917818784226998224e-02 2.227841421488840012e+00
4.285000000000000142e+00 -1.899389828697612206e-02 2.266357513902470533e+00
4.339999999999999858e+00 -1.984163024132788028e-02 2.304061964521944006e+00
4.395000000000000462e+00 -1.810930842156559598e-02 2.345455696023948988e+00
4.450000000000000178e+00 -1.733529228933138391e-02 2.380688328452126079e+00
4.504999999999999893e+00 -2.021020935191560064e-02 2.417507351659791581e+00
4.559999999999999609e+00 -2.087365175097349868e-02 2.455802087220470220e+00
4.615000000000000213e+00 -1.847788753215331634e-02 2.494502643678227383e+00
4.669999999999999929e+00 -2.212682072697174512e-02 2.531247881268243294e+00
4.724999999999999645e+00 -2.168452579426648208e-02 2.570428044240728571e+00
4.780000000000000249e+00 -1.962048277497524876e-02 2.609165493507310973e+00
4.834999999999999964e+00 -2.061564637356209234e-02 2.646168980759103562e+00
4.889999999999999680e+00 -2.024706726297437198e-02 2.684611287555082715e+00
4.945000000000000284e+00 -1.785130304415418964e-02 2.723680772101092717e+00
5.000000000000000000e+00 -2.153709415003139324e-02 2.759319225426348776e+00
