-5.000000000000000000e-01 -1.722471855615506642e-02 -6.722332272527102581e-02
-4.450000000000000067e-01 -1.604526540227436265e-02 -4.645267135661788199e-02
-3.900000000000000133e-01 -1.670870780133225722e-02 -4.025467947396470236e-02
-3.349999999999999645e-01 -1.505010180368751560e-02 -3.774596847384319165e-02
-2.800000000000000266e-01 -1.516067553686383483e-02 -3.645472016495711343e-02
-2.249999999999999778e-01 -1.615583913545068015e-02 -3.693432667968622740e-02
-1.699999999999999845e-01 -1.497638598156997292e-02 -3.715568353263811602e-02
-1.149999999999999911e-01 -1.490267015945243023e-02 -3.811489656209635091e-02
-5.999999999999999778e-02 -1.674556571239103203e-02 -3.700811229733685231e-02
-5.000000000000004441e-03 -1.475523851521733966e-02 -3.571686398845078797e-02
5.000000000000004441e-02 1.959633459155818783e-02 1.475249848458212200e-02
1.049999999999999822e-01 6.577929714819950868e-02 6.743542948713403262e-02
1.600000000000000311e-01 1.210293058252988191e-01 1.224795002545061573e-01
2.149999999999999689e-01 1.722986601080506996e-01 1.785565696689872250e-01
2.700000000000000178e-01 2.267377947418570128e-01 2.351132455981973235e-01
3.249999999999999556e-01 2.819878034189562399e-01 2.896408170420151085e-01
3.800000000000000044e-01 3.363900801417037401e-01 3.448324590446884552e-01
4.350000000000000533e-01 3.883228768235135187e-01 3.986221743119998107e-01
4.899999999999999911e-01 4.395922311062653298e-01 4.521167471087087497e-01
5.449999999999999289e-01 4.965008457810093367e-01 5.090054583173465597e-01
6.000000000000000888e-01 5.488390794844655307e-01 5.614301396581213854e-01
6.550000000000000266e-01 5.987815489691016291e-01 6.171013881755239572e-01
7.099999999999999645e-01 6.493506029417368541e-01 6.733998144429567123e-01
7.649999999999999023e-01 7.062592176164808055e-01 7.296244550927393213e-01
8.200000000000000622e-01 7.560173975458231999e-01 7.832297063159239237e-01
8.750000000000000000e-01 8.077290467612803226e-01 8.383475627009464581e-01
9.299999999999999378e-01 8.535065722962752455e-01 8.938343471742226098e-01
9.850000000000000977e-01 9.072085487089062150e-01 9.477347408680097951e-01
1.040000000000000036e+00 9.576301710373062992e-01 1.002963275679508603e+00
1.094999999999999973e+00 1.008936383231117118e+00 1.057933560829230402e+00
1.149999999999999911e+00 1.057072815073873295e+00 1.114305772714313747e+00
1.205000000000000071e+00 1.102150040298751410e+00 1.168833344158131338e+00
1.260000000000000009e+00 1.151760788583858552e+00 1.221590060778334097e+00
1.314999999999999947e+00 1.199823504604497382e+00 1.278072951089893605e+00
1.370000000000000107e+00 1.253746628483480841e+00 1.335293697577959238e+00
1.425000000000000044e+00 1.299524154018475430e+00 1.388456235095240077e+00
1.479999999999999982e+00 1.343937936844295411e+00 1.443278949009660694e+00
1.535000000000000142e+00 1.392074368687051589e+00 1.498433698203508690e+00
1.589999999999999858e+00 1.440063368885572848e+00 1.553145733691452701e+00
1.645000000000000018e+00 1.488420948194681737e+00 1.609185910297108224e+00
1.700000000000000178e+00 1.535009347772969601e+00 1.666849370491078064e+00
1.754999999999999893e+00 1.578133103711732987e+00 1.720233264861311229e+00
1.810000000000000053e+00 1.627448988708369848e+00 1.773211338334465870e+00
1.865000000000000213e+00 1.672563071844306748e+00 1.828329194719488626e+00
1.919999999999999929e+00 1.718672318578830627e+00 1.884553835369270569e+00
1.975000000000000089e+00 1.764412986202766653e+00 1.939893048607244985e+00
2.029999999999999805e+00 1.806836441831413342e+00 1.994900226565792467e+00
2.084999999999999964e+00 1.846606127863828384e+00 2.042934663656353678e+00
2.140000000000000124e+00 1.844689516488772218e+00 2.045148232185873383e+00
2.194999999999999840e+00 1.845721537998417761e+00 2.046365694877108066e+00
2.250000000000000000e+00 1.847711865195591496e+00 2.046697730156536110e+00
2.305000000000000160e+00 1.849149323726883676e+00 2.046476373303584229e+00
2.359999999999999876e+00 1.845389816798888916e+00 2.047915192847772126e+00
2.415000000000000036e+00 1.847011564885474799e+00 2.046070552406505705e+00
2.470000000000000195e+00 1.850365634791823144e+00 2.045517160274126223e+00
2.524999999999999911e+00 1.846753559508063525e+00 2.048062764083073528e+00
2.580000000000000071e+00 1.846090117109005613e+00 2.046623944538886075e+00
2.635000000000000231e+00 1.848891318349472179e+00 2.046476373303584673e+00
2.689999999999999947e+00 1.843694352890185462e+00 2.049095762730182013e+00
2.745000000000000107e+00 1.837059928899606343e+00 2.048136549700723563e+00
2.799999999999999822e+00 1.822316764476097584e+00 2.051862723392080312e+00
2.854999999999999982e+00 1.803298082369771294e+00 2.055109290568708502e+00
2.910000000000000142e+00 1.773480032323224709e+00 2.061122818407235435e+00
2.964999999999999858e+00 1.737912148151509628e+00 2.066619846922207238e+00
3.020000000000000018e+00 1.695672982078156865e+00 2.075178978569681032e+00
3.075000000000000178e+00 1.647647123968577043e+00 2.081782791349412687e+00
3.129999999999999893e+00 1.598073233594528464e+00 2.092149670629326330e+00
3.185000000000000053e+00 1.547467321710834565e+00 2.102479657100414734e+00
3.240000000000000213e+00 1.496161109517023968e+00 2.111223252792014726e+00
3.294999999999999929e+00 1.438146757510516682e+00 2.121258096792500769e+00
3.350000000000000089e+00 1.379395247282834136e+00 2.133543402131330868e+00
3.404999999999999805e+00 1.317142235504568104e+00 2.145754921852511377e+00
3.459999999999999964e+00 1.258980451853826565e+00 2.155457730573568931e+00
3.514999999999999680e+00 1.194773970789445583e+00 2.165308110529929220e+00
3.570000000000000284e+00 1.126291972042247069e+00 2.175711882618668103e+00
3.625000000000000000e+00 1.064518113107745245e+00 2.187997187957498646e+00
3.679999999999999716e+00 9.978790099134852154e-01 2.200983456664009630e+00
3.735000000000000320e+00 9.329722285389878689e-01 2.212051299311604602e+00
3.790000000000000036e+00 8.622787551282630192e-01 2.224853103973989388e+00
3.844999999999999751e+00 7.974088316648242358e-01 2.237618015827548934e+00
3.900000000000000355e+00 7.241353044799854199e-01 2.252153782504723978e+00
3.955000000000000071e+00 6.565378955981973075e-01 2.265914800196567214e+00
4.009999999999999787e+00 5.945797471084016683e-01 2.279085532947204840e+00
4.065000000000000391e+00 5.216379411230919194e-01 2.292403836933143868e+00
4.120000000000000107e+00 4.500598778469566130e-01 2.307345424507396991e+00
4.174999999999999822e+00 3.817253107439933513e-01 2.323467581964060003e+00
4.230000000000000426e+00 3.168553872805545679e-01 2.339257704141295413e+00
4.285000000000000142e+00 2.502531419973535454e-01 2.354457541377326546e+00
4.339999999999999858e+00 1.871892561757945994e-01 2.374305872525346750e+00
4.395000000000000462e+00 1.300226361236391792e-01 2.394928952658698318e+00
4.450000000000000178e+00 8.258650459099958763e-02 2.414482141336115717e+00
4.504999999999999893e+00 4.126878629411610822e-02 2.441561463013898425e+00
4.559999999999999609e+00 9.681556516748511185e-03 2.467681571662222240e+00
4.615000000000000213e+00 -4.361307596643631233e-03 2.499261816016693061e+00
4.669999999999999929e+00 -1.239633220745593213e-02 2.533719699459539232e+00
4.724999999999999645e+00 -1.379693282768926915e-02 2.572420255917295950e+00
4.780000000000000249e+00 -1.468152269309979698e-02 2.608464530139629645e+00
4.834999999999999964e+00 -1.372321700557172473e-02 2.645689374244374559e+00
4.889999999999999680e+00 -1.464466478204102563e-02 2.684242359466830763e+00
4.945000000000000284e+00 -1.700357108980243490e-02 2.718478886056724164e+00
5.000000000000000000e+00 -1.482895433733488581e-02 2.758101762735114537e+00
