-5.000000000000000000e-01 -1.361264327239540897e-02 -6.707575148996976211e-02
-4.450000000000000067e-01 -1.575040211380418498e-02 -4.969923853324571816e-02
-3.900000000000000133e-01 -1.468152269309979871e-02 -3.966439453275963367e-02
-3.349999999999999645e-01 -1.394436447192435799e-02 -3.553239994432420140e-02
-2.800000000000000266e-01 -1.438665940462961930e-02 -3.379843792953431819e-02
-2.249999999999999778e-01 -1.582411793592172766e-02 -3.763529004736722999e-02
-1.699999999999999845e-01 -1.471838060415857005e-02 -3.516347185607104214e-02
-1.149999999999999911e-01 -1.667184989027348588e-02 -3.734014757676470952e-02
-5.999999999999999778e-02 -1.449723313780593853e-02 -3.597511365022799251e-02
-5.000000000000004441e-03 -1.412865402721821817e-02 -3.745082600324065036e-02
5.000000000000004441e-02 7.619420405256799702e-04 1.338746455804541713e-02
1.049999999999999822e-01 3.489236768094857583e-02 7.016549734020743889e-02
1.600000000000000311e-01 7.595208060042059339e-02 1.239552126075188221e-01
2.149999999999999689e-01 1.197761368493005657e-01 1.791099618013669015e-01
2.700000000000000178e-01 1.594721070595980228e-01 2.358879945835289371e-01
3.249999999999999556e-01 2.021167101545972566e-01 2.908213869244251626e-01
3.800000000000000044e-01 2.506954369300588570e-01 3.439101388240555224e-01
4.350000000000000533e-01 2.936717612245869913e-01 3.979581037531440546e-01
4.899999999999999911e-01 3.411816085793440978e-01 4.541458515941010909e-01
5.449999999999999289e-01 3.820938898545810369e-01 5.100384569644555999e-01
6.000000000000000888e-01 4.257336565481670831e-01 5.637912794229416047e-01
6.550000000000000266e-01 4.687836966648127879e-01 6.186139933373618893e-01
7.099999999999999645e-01 5.140820693560436139e-01 6.742114562371137598e-01
7.649999999999999023e-01 5.607810426675077231e-01 7.295506694750885091e-01
8.200000000000000622e-01 6.033887878514481162e-01 7.819753508158631128e-01
8.750000000000000000e-01 6.407627096650428955e-01 8.420368435834784115e-01
9.299999999999999378e-01 6.854344978682745948e-01 8.925430988653365594e-01
9.850000000000000977e-01 7.292954120282134634e-01 9.495793813092756608e-01
1.040000000000000036e+00 7.716082939236837968e-01 1.005508879488455465e+00
1.094999999999999973e+00 8.108988271123347413e-01 1.058154917682182061e+00
1.149999999999999911e+00 8.497102074572217001e-01 1.113014524405427697e+00
1.205000000000000071e+00 8.911753573983401955e-01 1.170124592467017610e+00
1.260000000000000009e+00 9.298024481879334502e-01 1.223914307734328855e+00
1.314999999999999947e+00 9.714887455954046569e-01 1.276781702781007333e+00
1.370000000000000107e+00 1.014022774957227480e+00 1.332010237592506030e+00
1.425000000000000044e+00 1.051949565436703926e+00 1.387091201168703769e+00
1.479999999999999982e+00 1.090171219204650654e+00 1.441360522950744461e+00
1.535000000000000142e+00 1.128245441328362020e+00 1.502381228747817321e+00
1.589999999999999858e+00 1.167130537495366660e+00 1.552038949426693737e+00
1.645000000000000018e+00 1.205499622907548307e+00 1.608337375694126603e+00
1.700000000000000178e+00 1.246891057026549232e+00 1.665484336564541534e+00
1.754999999999999893e+00 1.284891563328142805e+00 1.718757552508298536e+00
1.810000000000000053e+00 1.319058846879624269e+00 1.770923984187295908e+00
1.865000000000000213e+00 1.357243642736512212e+00 1.829694228646025378e+00
1.919999999999999929e+00 1.394285843350578036e+00 1.884922763457523409e+00
1.975000000000000089e+00 1.432470639207465757e+00 1.939007621195437681e+00
2.029999999999999805e+00 1.467669944268593207e+00 1.995158476227569366e+00
2.084999999999999964e+00 1.505154439815364231e+00 2.047656943185994560e+00
2.140000000000000124e+00 1.538510849323552865e+00 2.105209724953488237e+00
2.194999999999999840e+00 1.574447312605855798e+00 2.162393578632729074e+00
2.250000000000000000e+00 1.609167464823219040e+00 2.213231869194014934e+00
2.305000000000000160e+00 1.643629611663170786e+00 2.268792439284941231e+00
2.359999999999999876e+00 1.669503865226428685e+00 2.303693036433690722e+00
2.415000000000000036e+00 1.667402964296078816e+00 2.304504678227847325e+00
2.470000000000000195e+00 1.665633784565257791e+00 2.303693036433690722e+00
2.524999999999999911e+00 1.666997527274432178e+00 2.306828925183842749e+00
2.580000000000000071e+00 1.665854932031610280e+00 2.304541571036672565e+00
2.635000000000000231e+00 1.669688154781722611e+00 2.307160960463270349e+00
2.689999999999999947e+00 1.667734685495607660e+00 2.301885288801250429e+00
2.745000000000000107e+00 1.669209001937958625e+00 2.306349318669113302e+00
2.799999999999999822e+00 1.665596926654199006e+00 2.305832819345559059e+00
2.854999999999999982e+00 1.666076079497962992e+00 2.303656143624865038e+00
2.910000000000000142e+00 1.665228347543611154e+00 2.305685248110257657e+00
2.964999999999999858e+00 1.661431982704557608e+00 2.305500784066131459e+00
3.020000000000000018e+00 1.655571574846212979e+00 2.309116279331012045e+00
3.075000000000000178e+00 1.643482180018935646e+00 2.311440526287007025e+00
3.129999999999999893e+00 1.624942650756373341e+00 2.314982235934236687e+00
3.185000000000000053e+00 1.598662960171469027e+00 2.322692832978728639e+00
3.240000000000000213e+00 1.570687805677861038e+00 2.332580105743913723e+00
3.294999999999999929e+00 1.537257680347554611e+00 2.337007242802951357e+00
3.350000000000000089e+00 1.501394932887369471e+00 2.343869305244460577e+00
3.404999999999999805e+00 1.460924946544837955e+00 2.356671109906844919e+00
3.459999999999999964e+00 1.419938949447483445e+00 2.364012778863083586e+00
3.514999999999999680e+00 1.377589209640954326e+00 2.372498124892906457e+00
3.570000000000000284e+00 1.331701110372783159e+00 2.387292141231857734e+00
3.625000000000000000e+00 1.286881890525316541e+00 2.398286198261801783e+00
3.679999999999999716e+00 1.238634884949384229e+00 2.404262833291503476e+00
3.735000000000000320e+00 1.187918399332513975e+00 2.416990852336237339e+00
3.790000000000000036e+00 1.142030300064342807e+00 2.431083905307509063e+00
3.844999999999999751e+00 1.090613514137355855e+00 2.440491571557964257e+00
3.900000000000000355e+00 1.039565307320956533e+00 2.455101123852789335e+00
3.955000000000000071e+00 9.848313093986801325e-01 2.467165072338667997e+00
4.009999999999999787e+00 9.313873383634606595e-01 2.479524163295149020e+00
4.065000000000000391e+00 8.788279571936515877e-01 2.493432752222293214e+00
4.120000000000000107e+00 8.297700775744260016e-01 2.506308342502328479e+00
4.174999999999999822e+00 7.703919828587443286e-01 2.518556755032333783e+00
4.230000000000000426e+00 7.153999795590563204e-01 2.532243987106526095e+00
4.285000000000000142e+00 6.573856275525491455e-01 2.547628288386682982e+00
4.339999999999999858e+00 6.069271473130902761e-01 2.561241734843225260e+00
4.395000000000000462e+00 5.490970848618769162e-01 2.578655140608774321e+00
4.450000000000000178e+00 4.954319663603049539e-01 2.592157908638839992e+00
4.504999999999999893e+00 4.388919307961486882e-01 2.608169387669027284e+00
4.559999999999999609e+00 3.827204743425801636e-01 2.623000296816805132e+00
4.615000000000000213e+00 3.308613934828879000e-01 2.639343811126419137e+00
4.669999999999999929e+00 2.757588164500237582e-01 2.660594069009801999e+00
4.724999999999999645e+00 2.226834245253920541e-01 2.672473553451554018e+00
4.780000000000000249e+00 1.708243436656998182e-01 2.693391776055507947e+00
4.834999999999999964e+00 1.267422820394084881e-01 2.710915860247533615e+00
4.889999999999999680e+00 8.402396312229169772e-02 2.735302006881067616e+00
4.945000000000000284e+00 4.694490459716701286e-02 2.757253228132131362e+00
5.000000000000000000e+00 2.062835610120380275e-02 2.779868519942051197e+00
