-5.000000000000000000e-01 -1.389663987832790437e-01 -6.216900791620268152e-02
-4.450000000000000067e-01 6.297809590773287280e-02 -4.449735248887610323e-02
-3.900000000000000133e-01 -1.737602668227598290e-01 -3.527415028254698298e-02
-3.349999999999999645e-01 -1.269119549592610807e-02 -3.169554782649128266e-02
-2.800000000000000266e-01 3.098542910871874417e-02 -3.014604985582800337e-02
-2.249999999999999778e-01 6.548443385972932407e-02 -3.033051389995458300e-02
-1.699999999999999845e-01 4.945124254916353351e-02 -3.328193860597989523e-02
-1.149999999999999911e-01 -1.643246415917141712e-01 -3.291301051772672903e-02
-5.999999999999999778e-02 -1.051657874345855725e-02 -3.331883141480521116e-02
-5.000000000000004441e-03 4.812435775104774438e-02 -3.103147726763558906e-02
5.000000000000004441e-02 4.838236312845912990e-02 1.615442521994414973e-02
1.049999999999999822e-01 5.667539311668282759e-02 7.296935081093150477e-02
1.600000000000000311e-01 4.255881318117314682e-02 1.254678177693568097e-01
2.149999999999999689e-01 7.750011286488901752e-02 1.811390662867592982e-01
2.700000000000000178e-01 4.473342993364070458e-02 2.391345617601568219e-01
3.249999999999999556e-01 -1.140873088186079298e-01 2.930349554539441459e-01
3.800000000000000044e-01 1.261156975514093614e-01 3.468615635300808520e-01
4.350000000000000533e-01 -9.079310902946399753e-02 4.008357428415187385e-01
4.899999999999999911e-01 7.130798380701533490e-02 4.570603834913010699e-01
5.449999999999999289e-01 -5.190801286245953772e-02 5.138384162734630500e-01
6.000000000000000888e-01 1.541277099560761088e-01 5.656359198642073594e-01
6.550000000000000266e-01 -9.410841411695397909e-03 6.195732063668201173e-01
7.099999999999999645e-01 1.144317397457786378e-01 6.729939935458782996e-01
7.649999999999999023e-01 1.677651370478217274e-01 7.322069517105112002e-01
8.200000000000000622e-01 1.786750787212182945e-01 7.852219179924910808e-01
8.750000000000000000e-01 2.756482427168474580e-01 8.397494894363086715e-01
9.299999999999999378e-01 4.296425020281963159e-02 8.963430581743441206e-01
9.850000000000000977e-01 2.153487002246964321e-01 9.528259484859035178e-01
1.040000000000000036e+00 2.401909322783087608e-01 1.006136057238486092e+00
1.094999999999999973e+00 2.604259254495746578e-01 1.060516057447002503e+00
1.149999999999999911e+00 3.468208689713362380e-01 1.116224198773230203e+00
1.205000000000000071e+00 3.565882154019108241e-01 1.172559517849488309e+00
1.260000000000000009e+00 3.209097574970194988e-01 1.224172557396105976e+00
1.314999999999999947e+00 3.107369740447983864e-01 1.277667130192814859e+00
1.370000000000000107e+00 3.962473277011495099e-01 1.334408270166151933e+00
1.425000000000000044e+00 4.314466327622767383e-01 1.389931947448252769e+00
1.479999999999999982e+00 3.392649972042879325e-01 1.444976018215625047e+00
1.535000000000000142e+00 3.439459519087520456e-01 1.503598691439052448e+00
1.589999999999999858e+00 3.517598290532116811e-01 1.556466086485730704e+00
1.645000000000000018e+00 4.022183092926704950e-01 1.608521839738252579e+00
1.700000000000000178e+00 4.941050815621891856e-01 1.666923156108728543e+00
1.754999999999999893e+00 4.215318546874670669e-01 1.721303156317245620e+00
1.810000000000000053e+00 2.975418418857580516e-01 1.774318122599225278e+00
1.865000000000000213e+00 5.631399489752690890e-01 1.832830117396176961e+00
1.919999999999999929e+00 5.769248077112498763e-01 1.887099439178217430e+00
1.975000000000000089e+00 4.937733603626602297e-01 1.943803686342728820e+00
2.029999999999999805e+00 6.154044668566078791e-01 1.995970118021726414e+00
2.084999999999999964e+00 3.854479597609292152e-01 2.050866617553796623e+00
2.140000000000000124e+00 4.832319977998514315e-01 2.105615545850567205e+00
2.194999999999999840e+00 6.667106790504185865e-01 2.163279006044536157e+00
2.250000000000000000e+00 6.005138707888639793e-01 2.216662900414769322e+00
2.305000000000000160e+00 6.785052105892256380e-01 2.268976903329067873e+00
2.359999999999999876e+00 6.321748163883490479e-01 2.323725831625837568e+00
2.415000000000000036e+00 6.047525305606227253e-01 2.380983470922728884e+00
2.470000000000000195e+00 6.243609392438894679e-01 2.437503254043113632e+00
2.524999999999999911e+00 6.281941619940016874e-01 2.489927935383888347e+00
2.580000000000000071e+00 6.851027766687458609e-01 2.546115683224845050e+00
2.635000000000000231e+00 5.426469504265919452e-01 2.601713146124597031e+00
2.689999999999999947e+00 6.903734579501500379e-01 2.652957257582961414e+00
2.745000000000000107e+00 8.258999969132549968e-01 2.710620717776931254e+00
2.799999999999999822e+00 7.864251741693101261e-01 2.764410433044242499e+00
2.854999999999999982e+00 8.156166397278575841e-01 2.820708859311674921e+00
2.910000000000000142e+00 7.942759092248286024e-01 2.864500623387325806e+00
2.964999999999999858e+00 7.735986211208574215e-01 2.865312265181483742e+00
3.020000000000000018e+00 8.671808572990796771e-01 2.865533622034434291e+00
3.075000000000000178e+00 8.563077735367419230e-01 2.863209375078439312e+00
3.129999999999999893e+00 8.693186161404884427e-01 2.864279266534373924e+00
3.185000000000000053e+00 8.547965991833322841e-01 2.866345263828591783e+00
3.240000000000000213e+00 7.424905441872539091e-01 2.865127801137356212e+00
3.294999999999999929e+00 7.904795443857750570e-01 2.867857868990430603e+00
3.350000000000000089e+00 8.401640084929997698e-01 2.862803554181361676e+00
3.404999999999999805e+00 8.685446000082541751e-01 2.864721980240277688e+00
3.459999999999999964e+00 7.903321127415399161e-01 2.866751084725669863e+00
3.514999999999999680e+00 8.418226144906444386e-01 2.866382156637417911e+00
3.570000000000000284e+00 6.092860536208516420e-01 2.867156905622749274e+00
3.625000000000000000e+00 8.352250484111243267e-01 2.865349157990308981e+00
3.679999999999999716e+00 7.445914451176038895e-01 2.868964653255190012e+00
3.735000000000000320e+00 5.857707063653551094e-01 2.872358791667118716e+00
3.790000000000000036e+00 8.190444254563233883e-01 2.875494680417270743e+00
3.844999999999999751e+00 7.174271646672888414e-01 2.879405318152753690e+00
3.900000000000000355e+00 7.774318438709697521e-01 2.886562523064865271e+00
3.955000000000000071e+00 6.587125123506648583e-01 2.889624626197366375e+00
4.009999999999999787e+00 6.506406298287938927e-01 2.894752726624086225e+00
4.065000000000000391e+00 6.960495762532009634e-01 2.901172075359690794e+00
4.120000000000000107e+00 6.738611137958202546e-01 2.906558425448187322e+00
4.174999999999999822e+00 5.753030596246638817e-01 2.912867095757316172e+00
4.230000000000000426e+00 6.178739468975456006e-01 2.919692265390000152e+00
4.285000000000000142e+00 5.370076900345996940e-01 2.927033934346236599e+00
4.339999999999999858e+00 4.854066145523189824e-01 2.934892102626029953e+00
4.395000000000000462e+00 4.882815316149031748e-01 2.942418235626394374e+00
4.450000000000000178e+00 2.973575523304641810e-01 2.946328873361878209e+00
4.504999999999999893e+00 5.120548842478112039e-01 2.954703540965224473e+00
4.559999999999999609e+00 2.543443701248772060e-01 2.962192781156764099e+00
4.615000000000000213e+00 3.705205057821265302e-01 2.972891695716105342e+00
4.669999999999999929e+00 4.038769152903152193e-01 2.978204260186952279e+00
4.724999999999999645e+00 3.854848176719880559e-01 2.986578927790298099e+00
4.780000000000000249e+00 2.321559076674964972e-01 2.993662347084759645e+00
4.834999999999999964e+00 3.285762029972441045e-01 3.005136010629432253e+00
4.889999999999999680e+00 1.157217666328356626e-01 3.012477679585670920e+00
4.945000000000000284e+00 2.555975391008754594e-01 3.024873663350977182e+00
5.000000000000000000e+00 2.206193815061008312e-01 3.028267801762904998e+00
