-5.000000000000000000e-01 6.205664813126353374e-02 -6.224279353385330643e-02
-4.450000000000000067e-01 7.315087935995392976e-02 -4.342746103294192750e-02
-3.900000000000000133e-01 -2.036520326914239287e-01 -3.449940129721534160e-02
-3.349999999999999645e-01 6.353096457361442906e-02 -3.309747456185332254e-02
-2.800000000000000266e-01 7.657866508841970621e-02 -3.073633479703305818e-02
-2.249999999999999778e-01 6.677446074678637655e-02 -2.996158581170141333e-02
-1.699999999999999845e-01 6.544757594867056660e-02 -3.287611770890142004e-02
-1.149999999999999911e-01 -2.002401288882220236e-03 -2.977712176757483717e-02
-5.999999999999999778e-02 -2.584946974390772700e-02 -3.217515434122040358e-02
-5.000000000000004441e-03 -4.132979238859196131e-02 -3.317126017950394051e-02
5.000000000000004441e-02 3.850444296470822980e-02 1.715053105822769361e-02
1.049999999999999822e-01 8.737803302863995925e-02 7.367031417861251430e-02
1.600000000000000311e-01 -8.229481350015167970e-04 1.270173157400200648e-01
2.149999999999999689e-01 6.898593541031269871e-02 1.836108844780555138e-01
2.700000000000000178e-01 -6.856778866102450354e-02 2.394297042307593215e-01
3.249999999999999556e-01 9.014237635804785154e-02 2.951378455569871884e-01
3.800000000000000044e-01 1.194075577387128662e-01 3.466033138683036197e-01
4.350000000000000533e-01 2.785968756015492209e-01 4.005774931797416172e-01
4.899999999999999911e-01 1.758001616586340465e-01 4.549943861970833781e-01
5.449999999999999289e-01 2.111837562750552288e-01 5.125471679645769996e-01
6.000000000000000888e-01 1.881844197743814395e-01 5.670009537907441111e-01
6.550000000000000266e-01 4.105850551030117424e-01 6.220081317492909267e-01
7.099999999999999645e-01 4.485118455824881889e-01 6.791919854285314306e-01
7.649999999999999023e-01 4.031766149801985777e-01 7.330923791223189490e-01
8.200000000000000622e-01 4.188043692691179043e-01 7.871034512425819640e-01
8.750000000000000000e-01 5.775882501103077882e-01 8.419261651570023597e-01
9.299999999999999378e-01 5.788782769973647158e-01 8.964168437919949328e-01
9.850000000000000977e-01 6.339808540302288575e-01 9.535269118535847355e-01
1.040000000000000036e+00 4.092950282159547593e-01 1.006652556562040335e+00
1.094999999999999973e+00 6.046788147385051548e-01 1.063504374961852683e+00
1.149999999999999911e+00 7.339026509105599505e-01 1.116334877199705922e+00
1.205000000000000071e+00 6.711704862885298217e-01 1.173223588408343954e+00
1.260000000000000009e+00 6.957178550536721184e-01 1.225943412219721251e+00
1.314999999999999947e+00 7.122670571190607980e-01 1.277408880531037738e+00
1.370000000000000107e+00 8.729675493353068472e-01 1.335699518475038206e+00
1.425000000000000044e+00 8.504473656783971824e-01 1.388345556668764358e+00
1.479999999999999982e+00 7.165425748018783292e-01 1.444791554171498627e+00
1.535000000000000142e+00 7.379570211270248814e-01 1.501200658865407656e+00
1.589999999999999858e+00 9.458724974095579219e-01 1.555728230309225024e+00
1.645000000000000018e+00 9.397909420848605810e-01 1.611952870959007855e+00
1.700000000000000178e+00 1.106609847536862867e+00 1.668472654079392159e+00
1.754999999999999893e+00 1.152755952182445531e+00 1.720602192949564291e+00
1.810000000000000053e+00 1.236570841930093145e+00 1.777048190452298559e+00
1.865000000000000213e+00 1.139007951357523529e+00 1.832350510881447514e+00
1.919999999999999929e+00 1.161675566658668224e+00 1.886177118957584442e+00
1.975000000000000089e+00 1.172106355488300888e+00 1.942660009269143950e+00
2.029999999999999805e+00 1.108710748467212959e+00 1.998663293065974234e+00
2.084999999999999964e+00 1.380427268792479678e+00 2.050940403171447990e+00
2.140000000000000124e+00 1.151502783206447278e+00 2.107091258203579454e+00
2.194999999999999840e+00 1.457386587083195684e+00 2.161508151220921103e+00
2.250000000000000000e+00 1.472019177773528309e+00 2.213895939752870579e+00
2.305000000000000160e+00 1.537921122746612523e+00 2.272407934549823150e+00
2.359999999999999876e+00 1.312719286177515876e+00 2.325570472067103100e+00
2.415000000000000036e+00 1.623910629246727799e+00 2.380909685305078405e+00
2.470000000000000195e+00 1.380390410881420671e+00 2.437097433146035108e+00
2.524999999999999911e+00 1.583403784993137275e+00 2.491551218972201998e+00
2.580000000000000071e+00 1.711227020544958677e+00 2.548366144563189550e+00
2.635000000000000231e+00 1.770236536150052720e+00 2.602192752639326034e+00
2.689999999999999947e+00 1.800607454862480861e+00 2.654875683641877870e+00
2.745000000000000107e+00 1.571719827187506580e+00 2.709440147894520923e+00
2.799999999999999822e+00 1.802560924148595811e+00 2.762934720691229806e+00
2.854999999999999982e+00 1.871595791561675881e+00 2.820524395267548279e+00
2.910000000000000142e+00 1.968274092268834874e+00 2.876084965358475021e+00
2.964999999999999858e+00 1.990425696815156797e+00 2.929136824449280585e+00
3.020000000000000018e+00 1.904878485247746944e+00 2.930981464890546562e+00
3.075000000000000178e+00 1.914461542123027771e+00 2.929468859728708185e+00
3.129999999999999893e+00 1.992526597745506889e+00 2.930833893655245159e+00
3.185000000000000053e+00 1.930457875522534783e+00 2.927070827155062727e+00
3.240000000000000213e+00 2.004321129284313940e+00 2.928509646699249735e+00
3.294999999999999929e+00 1.725564747946821020e+00 2.928214504228647819e+00
3.350000000000000089e+00 2.008707220700307605e+00 2.927956254566869809e+00
3.404999999999999805e+00 1.991420860413743554e+00 2.930132930287563386e+00
3.459999999999999964e+00 1.953862649044854960e+00 2.933158140611239695e+00
3.514999999999999680e+00 1.903256737161161061e+00 2.931092143317022725e+00
3.570000000000000284e+00 1.970264419466008610e+00 2.930723215228768552e+00
3.625000000000000000e+00 1.866951694768270498e+00 2.930132930287563386e+00
3.679999999999999716e+00 1.982353814293285721e+00 2.930538751184642798e+00
3.735000000000000320e+00 1.685242193248524423e+00 2.932420284434733571e+00
3.790000000000000036e+00 1.862491887530159040e+00 2.937179456773199249e+00
3.844999999999999751e+00 1.729655976074344625e+00 2.938396919464434820e+00
3.900000000000000355e+00 1.821247885055393256e+00 2.942307557199918655e+00
3.955000000000000071e+00 1.800681170684598431e+00 2.948247299420795109e+00
4.009999999999999787e+00 1.606292547760634681e+00 2.954371505685797317e+00
4.065000000000000391e+00 1.614290714460388187e+00 2.957470501627122772e+00
4.120000000000000107e+00 1.633235680744597129e+00 2.962819958906794060e+00
4.174999999999999822e+00 1.580713157485846843e+00 2.969386878877700475e+00
4.230000000000000426e+00 1.382380738078594629e+00 2.976654762216288219e+00
4.285000000000000142e+00 1.457792024104842321e+00 2.982705182863641280e+00
4.339999999999999858e+00 1.127581998929304108e+00 2.988866281937467839e+00
4.395000000000000462e+00 1.244089855786082666e+00 2.992887598099427837e+00
4.450000000000000178e+00 1.268158071707460754e+00 3.003328262996991960e+00
4.504999999999999893e+00 9.466833714528508636e-01 3.006501044555968782e+00
4.559999999999999609e+00 1.146490107302454264e+00 3.013141750144525677e+00
4.615000000000000213e+00 9.902862802353782357e-01 3.020852347189018072e+00
4.669999999999999929e+00 9.642645950278851963e-01 3.026533839748116517e+00
4.724999999999999645e+00 8.270057342450181093e-01 3.036199755660348387e+00
4.780000000000000249e+00 8.025320813019934940e-01 3.043283174954810377e+00
4.834999999999999964e+00 7.275999481195100094e-01 3.049370488410986013e+00
4.889999999999999680e+00 7.748149321857968896e-01 3.058630583426141580e+00
4.945000000000000284e+00 7.040108850418959063e-01 3.064496540029367999e+00
5.000000000000000000e+00 6.291893255925885553e-01 3.074088670323949390e+00
