-5.000000000000000000e-01 -3.597250389299756681e-03 -3.707876232934045196e-02
-4.450000000000000067e-01 -8.287064748166426617e-03 -1.953225970977311501e-02
-3.900000000000000133e-01 -1.517522958775185081e-02 -8.018516900706911671e-03
-3.349999999999999645e-01 1.385677366996081834e-03 -6.252831102511458884e-03
-2.800000000000000266e-01 -7.920673001379968658e-03 -7.393169847179355963e-03
-2.249999999999999778e-01 -4.476590581587255695e-03 -7.577095451158049125e-03
-1.699999999999999845e-01 -2.766918815317009547e-02 -6.105690619328502100e-03
-1.149999999999999911e-01 -1.898570375433102086e-02 -2.463963660550375252e-03
-5.999999999999999778e-02 -4.439951406908611113e-03 -5.443558445005206546e-03
-5.000000000000004441e-03 -3.011023594441422993e-03 -2.758244626916284917e-03
5.000000000000004441e-02 3.703559432931851497e-02 4.263459443502522206e-02
1.049999999999999822e-01 9.093182028160656794e-02 9.700300297112694758e-02
1.600000000000000311e-01 1.678008087574055784e-01 1.499000066753991556e-01
2.149999999999999689e-01 2.281455294531353484e-01 2.025762996548969019e-01
2.700000000000000178e-01 3.038787035138963977e-01 2.612117822033043213e-01
3.249999999999999556e-01 3.827994857716996435e-01 3.176769426247632033e-01
3.800000000000000044e-01 4.530734228053424073e-01 3.667850788870744005e-01
4.350000000000000533e-01 5.196834423711205186e-01 4.236916607580819560e-01
4.899999999999999911e-01 5.975783277379216329e-01 4.786486312269154220e-01
5.449999999999999289e-01 6.709299554445707914e-01 5.336791719373404908e-01
6.000000000000000888e-01 7.435487996576467529e-01 5.847737047226214679e-01
6.550000000000000266e-01 8.186224685741920748e-01 6.359418077494940480e-01
7.099999999999999645e-01 8.890429623065496667e-01 6.929955301036848647e-01
7.649999999999999023e-01 9.685133321845322829e-01 7.489824839547990498e-01
8.200000000000000622e-01 1.044173227895936140e+00 8.038290990612454445e-01
8.750000000000000000e-01 1.129212752325073232e+00 8.562478961951727197e-01
9.299999999999999378e-01 1.189154442099337849e+00 9.133384036701591713e-01
9.850000000000000977e-01 1.277015182978730845e+00 9.682585890181971688e-01
1.040000000000000036e+00 1.346336501470728475e+00 1.020235964702575604e+00
1.094999999999999973e+00 1.415328067390619005e+00 1.074310092272311667e+00
1.149999999999999911e+00 1.497619653718857080e+00 1.130444186606608836e+00
1.205000000000000071e+00 1.571117838124221011e+00 1.184407958813957107e+00
1.260000000000000009e+00 1.635199754637172598e+00 1.236091053531970463e+00
1.314999999999999947e+00 1.712764887431865946e+00 1.294064403906054261e+00
1.370000000000000107e+00 1.777872700835819941e+00 1.349683506549211431e+00
1.425000000000000044e+00 1.853239483149793809e+00 1.403573708514968876e+00
1.479999999999999982e+00 1.914023873941667953e+00 1.456102861011283167e+00
1.535000000000000142e+00 2.003057068410777131e+00 1.511354112446482878e+00
1.589999999999999858e+00 2.081794654795187327e+00 1.565244314412239879e+00
1.645000000000000018e+00 2.149906880522790331e+00 1.617773466908554392e+00
1.700000000000000178e+00 2.230696260689204014e+00 1.676041098249004824e+00
1.754999999999999893e+00 2.292689744245472561e+00 1.729085242436459557e+00
1.810000000000000053e+00 2.369192340974485500e+00 1.783343295610174239e+00
1.865000000000000213e+00 2.420230711301838866e+00 1.814941714373713877e+00
1.919999999999999929e+00 2.406271185749274899e+00 1.816192408480768794e+00
1.975000000000000089e+00 2.406087989875881572e+00 1.817590243071006695e+00
2.029999999999999805e+00 2.408542814579350821e+00 1.815567061427241446e+00
2.084999999999999964e+00 2.404475866190021183e+00 1.815714201910423986e+00
2.140000000000000124e+00 2.405794876478452693e+00 1.817185606742253823e+00
2.194999999999999840e+00 2.419241453585515789e+00 1.816523474567929952e+00
2.250000000000000000e+00 2.412389927920608912e+00 1.815199210219283987e+00
2.305000000000000160e+00 2.392934526166248244e+00 1.814316367320185863e+00
2.359999999999999876e+00 2.411364031029607169e+00 1.815567061427241224e+00
2.415000000000000036e+00 2.415064587672149710e+00 1.817148821621458188e+00
2.470000000000000195e+00 2.403413330124340774e+00 1.817737383554189901e+00
2.524999999999999911e+00 2.384580794339516530e+00 1.816780970413500951e+00
2.580000000000000071e+00 2.366114650301478495e+00 1.820827333701031669e+00
2.635000000000000231e+00 2.321304939669495138e+00 1.824984052350950181e+00
2.689999999999999947e+00 2.246780858373129242e+00 1.827007233994716096e+00
2.745000000000000107e+00 2.193397580866342178e+00 1.832929638442829745e+00
2.799999999999999822e+00 2.124222819073058766e+00 1.838447406562190967e+00
2.854999999999999982e+00 2.044569253321682822e+00 1.843008761540861684e+00
2.910000000000000142e+00 1.954217048564142134e+00 1.851211843478311803e+00
2.964999999999999858e+00 1.845691813165993400e+00 1.859635636140535953e+00
3.020000000000000018e+00 1.741856392126711173e+00 1.865594825709445459e+00
3.075000000000000178e+00 1.656706950173537862e+00 1.872657568902227787e+00
3.129999999999999893e+00 1.559429941401732744e+00 1.880860650839677239e+00
3.185000000000000053e+00 1.438154273215415113e+00 1.888328030361212440e+00
3.240000000000000213e+00 1.346996006614944008e+00 1.899216426116750789e+00
3.294999999999999929e+00 1.240669121697514088e+00 1.904881334719294772e+00
3.350000000000000089e+00 1.134049123382654400e+00 1.915070813179714282e+00
3.404999999999999805e+00 1.039556691886426742e+00 1.925333861881725506e+00
3.459999999999999964e+00 9.296025286758106132e-01 1.932396605074507390e+00
3.514999999999999680e+00 8.034538502572329266e-01 1.943763207400390769e+00
3.570000000000000284e+00 7.125154187048338139e-01 1.954394107310359230e+00
3.625000000000000000e+00 6.140659563433122914e-01 1.965061792341122882e+00
3.679999999999999716e+00 5.125754424834632061e-01 1.977274452445308528e+00
3.735000000000000320e+00 4.101689492566479855e-01 1.990149244723817379e+00
3.790000000000000036e+00 3.164459404286719124e-01 2.003281532847895452e+00
3.844999999999999751e+00 2.203780244212624750e-01 2.018142721649374138e+00
3.900000000000000355e+00 1.458905822995754109e-01 2.034732811128252106e+00
3.955000000000000071e+00 6.037474859961594609e-02 2.054155354908402398e+00
4.009999999999999787e+00 3.575322321556590605e-02 2.080236005552581258e+00
4.065000000000000391e+00 -1.466228114225080759e-02 2.107162713975061941e+00
4.120000000000000107e+00 4.536646389359627954e-03 2.141372876315098317e+00
4.174999999999999822e+00 -8.946569892382053371e-03 2.174810551118424584e+00
4.230000000000000426e+00 -3.011023594441422126e-03 2.211301390947797429e+00
4.285000000000000142e+00 -3.084301943798713024e-03 2.248491148072290002e+00
4.339999999999999858e+00 -3.597250389299754946e-03 2.284503781331317818e+00
4.395000000000000462e+00 -2.708296135831175788e-02 2.323201728408434530e+00
4.450000000000000178e+00 -1.140139459585132707e-02 2.360133989687356770e+00
4.504999999999999893e+00 -1.033885853017059778e-02 2.397286961691052376e+00
4.559999999999999609e+00 -2.396863151062686090e-02 2.431570694272680910e+00
4.615000000000000213e+00 -1.253720901088935073e-02 2.468135104343645470e+00
4.669999999999999929e+00 -3.633889563978400395e-03 2.505177720984954171e+00
4.724999999999999645e+00 -6.784858586341947599e-03 2.544169949028436850e+00
4.780000000000000249e+00 -1.495539453967997638e-02 2.580109012045873840e+00
4.834999999999999964e+00 -1.711710584572008476e-02 2.622227975356994811e+00
4.889999999999999680e+00 -1.066861110227840768e-02 2.656953129388172297e+00
4.945000000000000284e+00 -1.169450799328049066e-02 2.693186473371974810e+00
5.000000000000000000e+00 -5.868879219375800101e-03 2.733907602092857214e+00
