-5.000000000000000000e-01 -1.242729148685341178e-02 -3.770410938286800767e-02
-4.450000000000000067e-01 -1.480883784096538591e-02 -2.118759014558135173e-02
-3.900000000000000133e-01 -6.748219411663301283e-03 -9.122070524579072373e-03
-3.349999999999999645e-01 -1.163726300501717326e-01 -7.209244243200663670e-03
-2.800000000000000266e-01 -1.982840477193987400e-02 -7.650665692749527950e-03
-2.249999999999999778e-01 -4.733064804337772970e-03 -5.590698928188160728e-03
-1.699999999999999845e-01 -4.529263117359876023e-02 -5.995335256941285162e-03
-1.149999999999999911e-01 4.293450145258050771e-02 -6.657467431264582451e-03
-5.999999999999999778e-02 -8.991914593218941487e-02 -6.363186464898672352e-03
-5.000000000000004441e-03 -8.746432122872013770e-02 -7.393169847179356831e-03
5.000000000000004441e-02 8.778085125924302290e-02 3.711682631566441681e-02
1.049999999999999822e-01 5.196151533575254708e-03 9.424411891144654496e-02
1.600000000000000311e-01 1.669214685651181085e-01 1.476193291860633527e-01
2.149999999999999689e-01 1.269114898160368377e-01 2.011784650646588346e-01
2.700000000000000178e-01 3.086784353967989558e-01 2.589311047139685185e-01
3.249999999999999556e-01 3.309916927760944150e-01 3.105406291903898275e-01
3.800000000000000044e-01 4.368789075973809055e-01 3.684771944436783242e-01
4.350000000000000533e-01 4.200615264198824805e-01 4.203074296448739977e-01
4.899999999999999911e-01 6.027810905422893439e-01 4.771772263950859183e-01
5.449999999999999289e-01 6.709665946192495678e-01 5.309570729984559589e-01
6.000000000000000888e-01 7.576182427342468273e-01 5.860979690712680990e-01
6.550000000000000266e-01 8.021714791434803038e-01 6.389214025339489123e-01
7.099999999999999645e-01 9.126385907995975266e-01 6.956808439217735396e-01
7.649999999999999023e-01 9.032589620818641807e-01 7.493871202835520329e-01
8.200000000000000622e-01 1.038420877471388781e+00 8.027255454373730670e-01
8.750000000000000000e-01 1.098399206420332064e+00 8.578664415101854290e-01
9.299999999999999378e-01 1.066303289401838272e+00 9.120509244423082862e-01
9.850000000000000977e-01 1.181716689639572770e+00 9.691782170380907058e-01
1.040000000000000036e+00 1.214911781898425858e+00 1.020750956393716269e+00
1.094999999999999973e+00 1.309404213394653738e+00 1.076002207828915536e+00
1.149999999999999911e+00 1.323510295645932366e+00 1.130664897331383312e+00
1.205000000000000071e+00 1.502859055697903568e+00 1.184407958813957551e+00
1.260000000000000009e+00 1.417489778696658931e+00 1.238739582229263503e+00
1.314999999999999947e+00 1.631792311392058492e+00 1.292372288349450171e+00
1.370000000000000107e+00 1.538215859262796581e+00 1.350382423844329827e+00
1.425000000000000044e+00 1.743212041589820904e+00 1.404787617501227937e+00
1.479999999999999982e+00 1.697816104162978901e+00 1.459818158211652950e+00
1.535000000000000142e+00 1.864854101522924967e+00 1.512310525587172050e+00
1.589999999999999858e+00 1.839499792645301612e+00 1.568076768713511759e+00
1.645000000000000018e+00 1.928496347939732791e+00 1.620679491451417764e+00
1.700000000000000178e+00 2.037204779211275074e+00 1.678652841825501563e+00
1.754999999999999893e+00 2.005695088987639707e+00 1.730850928234655139e+00
1.810000000000000053e+00 2.123380118055449906e+00 1.785219336770756948e+00
1.865000000000000213e+00 2.237584425528789112e+00 1.840397017964364945e+00
1.919999999999999929e+00 2.288512878332106926e+00 1.896715037902640733e+00
1.975000000000000089e+00 2.352961186591845166e+00 1.951230586921925303e+00
2.029999999999999805e+00 2.403889639395163424e+00 2.005893276424393079e+00
2.084999999999999964e+00 2.418691865965335808e+00 2.048343305822676097e+00
2.140000000000000124e+00 2.423528237022916976e+00 2.049593999929730792e+00
2.194999999999999840e+00 2.464197720916213363e+00 2.047570818285965100e+00
2.250000000000000000e+00 2.445804855227533547e+00 2.047791529010739353e+00
2.305000000000000160e+00 2.462658875579710749e+00 2.050035421379279299e+00
2.359999999999999876e+00 2.408835927976780145e+00 2.048380090943471288e+00
2.415000000000000036e+00 2.432358278120470896e+00 2.049704355292118141e+00
2.470000000000000195e+00 2.469583679593974956e+00 2.049520429688139522e+00
2.524999999999999911e+00 2.471745390900015327e+00 2.050292917224849631e+00
2.580000000000000071e+00 2.466689184794361722e+00 2.050660768432807313e+00
2.635000000000000231e+00 2.447929927358894808e+00 2.049630785050526427e+00
2.689999999999999947e+00 2.395755742616503703e+00 2.049925066016892394e+00
2.745000000000000107e+00 2.447636813961465485e+00 2.051102189882356264e+00
2.799999999999999822e+00 2.292653105070793451e+00 2.053419652492487923e+00
2.854999999999999982e+00 2.276275393989439344e+00 2.058275288437524608e+00
2.910000000000000142e+00 2.348820959853158197e+00 2.064565544093596383e+00
2.964999999999999858e+00 2.322697228307283535e+00 2.070046527092161526e+00
3.020000000000000018e+00 2.187022364472257951e+00 2.079721013861440149e+00
3.075000000000000178e+00 2.054571748008953147e+00 2.087261963624567063e+00
3.129999999999999893e+00 2.106306262655201156e+00 2.094030425850982979e+00
3.185000000000000053e+00 2.017932573330307289e+00 2.103925623345036300e+00
3.240000000000000213e+00 1.947805192995379020e+00 2.114225457167843381e+00
3.294999999999999929e+00 1.935164677731246563e+00 2.122759605192455101e+00
3.350000000000000089e+00 1.844299524528204559e+00 2.133721571189584942e+00
3.404999999999999805e+00 1.764609319602149951e+00 2.144426041341145339e+00
3.459999999999999964e+00 1.699721341246267725e+00 2.155314437096684355e+00
3.514999999999999680e+00 1.606108249942328037e+00 2.168262799616783809e+00
3.570000000000000284e+00 1.553677590977185830e+00 2.178746559043569064e+00
3.625000000000000000e+00 1.423608520867992944e+00 2.190959219147754045e+00
3.679999999999999716e+00 1.319846378178067603e+00 2.200412995192259302e+00
3.735000000000000320e+00 1.201428565616684097e+00 2.214979903027371577e+00
3.790000000000000036e+00 1.124303102918134512e+00 2.226604001198825067e+00
3.844999999999999751e+00 1.118733948366980702e+00 2.239736289322904028e+00
3.900000000000000355e+00 1.016913681935023739e+00 2.253346784017326687e+00
3.955000000000000071e+00 7.947703658583937791e-01 2.266000865571061507e+00
4.009999999999999787e+00 7.490813150341224524e-01 2.277109972051374331e+00
4.065000000000000391e+00 7.055906146905696064e-01 2.292449367423197604e+00
4.120000000000000107e+00 6.849993985211709768e-01 2.305581655547276121e+00
4.174999999999999822e+00 5.846813382510382961e-01 2.319743927053635524e+00
4.230000000000000426e+00 3.655424344980573448e-01 2.335046537304662717e+00
4.285000000000000142e+00 4.021816091767032031e-01 2.350385932676485545e+00
4.339999999999999858e+00 3.099608065105515786e-01 2.369367055007086886e+00
4.395000000000000462e+00 2.614871784107031250e-01 2.389856367290313255e+00
4.450000000000000178e+00 1.808077157683249392e-01 2.408543208654548629e+00
4.504999999999999893e+00 8.133235651580138226e-02 2.430614281131991294e+00
4.559999999999999609e+00 7.198936697274666008e-02 2.455848873997868331e+00
4.615000000000000213e+00 5.238740851967113588e-02 2.482334160970800063e+00
4.669999999999999929e+00 -5.026178201766942633e-03 2.512534745144101578e+00
4.724999999999999645e+00 9.849326717763277894e-03 2.548363452799151219e+00
4.780000000000000249e+00 2.274631620464663204e-02 2.586288912339556934e+00
4.834999999999999964e+00 -2.455485830548519155e-02 2.622559041444155969e+00
4.889999999999999680e+00 -4.569566209506385757e-02 2.658240608616023071e+00
4.945000000000000284e+00 2.494466668536537632e-02 2.696533919364386023e+00
5.000000000000000000e+00 -5.342652795225812795e-02 2.733797246730470754e+00
