-5.000000000000000000e-01 4.609924738716917984e-03 -4.013192735538676642e-02
-4.450000000000000067e-01 -1.132811624649403097e-02 -2.030474724648362664e-02
-3.900000000000000133e-01 -2.630854935429831538e-04 -9.305996128557765534e-03
-3.349999999999999645e-01 2.484852607355458962e-03 -9.011715162191857170e-03
-2.800000000000000266e-01 -6.345188490198197008e-03 -7.944946659115435447e-03
-2.249999999999999778e-01 -1.642096152682580995e-02 -9.048500282987596149e-03
-1.699999999999999845e-01 -1.398899908581004593e-03 -1.309486357051884917e-02
-1.149999999999999911e-01 3.993008912893154100e-02 -8.938144920600379212e-03
-5.999999999999999778e-02 -2.297937379430342250e-02 -8.533508591847253910e-03
-5.000000000000004441e-03 -1.184106469199507593e-02 -6.068905498532764856e-03
5.000000000000004441e-02 9.482934970976819936e-03 3.818359481874084027e-02
1.049999999999999822e-01 7.810810914408052030e-02 9.354520161632753905e-02
1.600000000000000311e-01 8.323759359909094213e-02 1.475457589444718887e-01
2.149999999999999689e-01 1.938879011286014920e-01 1.997806304744207395e-01
2.700000000000000178e-01 2.055391586764108713e-01 2.584161130228282421e-01
3.249999999999999556e-01 2.563943331303713546e-01 3.117177530558535303e-01
3.800000000000000044e-01 3.543308470463917836e-01 3.675207813029890414e-01
4.350000000000000533e-01 3.898708464846781796e-01 4.253837763146860462e-01
4.899999999999999911e-01 4.960145355287153279e-01 4.765518793415584042e-01
5.449999999999999289e-01 5.362809885005470623e-01 5.339734529037065691e-01
6.000000000000000888e-01 6.097058945565533294e-01 5.863554649168383204e-01
6.550000000000000266e-01 6.715894605887864355e-01 6.400249561578210677e-01
7.099999999999999645e-01 7.232873360603556678e-01 6.962326207337098394e-01
7.649999999999999023e-01 7.882485927655947799e-01 7.493503351627561759e-01
8.200000000000000622e-01 8.465781588539988967e-01 8.061465616713768823e-01
8.750000000000000000e-01 8.031607368598036034e-01 8.604046148450914533e-01
9.299999999999999378e-01 9.545904458066470921e-01 9.152512299515376260e-01
9.850000000000000977e-01 1.000279496630918308e+00 9.700978450579839096e-01
1.040000000000000036e+00 1.013103207768444536e+00 1.025680162580345112e+00
1.094999999999999973e+00 1.114630360802972397e+00 1.078025389472681228e+00
1.149999999999999911e+00 1.166108401226469526e+00 1.136366591054722930e+00
1.205000000000000071e+00 1.170981411458729360e+00 1.188417536980692857e+00
1.260000000000000009e+00 1.190253617339697367e+00 1.244882697402151628e+00
1.314999999999999947e+00 1.256094214237224005e+00 1.298405048159951392e+00
1.370000000000000107e+00 1.382096335957087030e+00 1.355458770514142319e+00
1.425000000000000044e+00 1.408146789153604583e+00 1.410452526103771254e+00
1.479999999999999982e+00 1.493113035233384123e+00 1.465814132901358313e+00
1.535000000000000142e+00 1.552761611610219417e+00 1.518453640760060397e+00
1.589999999999999858e+00 1.502968973221940230e+00 1.572564553450592317e+00
1.645000000000000018e+00 1.656450475950787204e+00 1.631347176482182304e+00
1.700000000000000178e+00 1.693968990821720810e+00 1.683103841441786042e+00
1.754999999999999893e+00 1.722327712022992507e+00 1.740157563795977191e+00
1.810000000000000053e+00 1.711958825588935751e+00 1.795114534264810491e+00
1.865000000000000213e+00 1.774868288512170489e+00 1.851579694686269040e+00
1.919999999999999929e+00 1.824770844424486560e+00 1.906647020517490132e+00
1.975000000000000089e+00 1.957844326857328010e+00 1.958845106926643043e+00
2.029999999999999805e+00 1.968139934942028102e+00 2.014758490536166402e+00
2.084999999999999964e+00 2.003679934380313998e+00 2.070046527092161526e+00
2.140000000000000124e+00 2.067175624098407827e+00 2.123568877849961289e+00
2.194999999999999840e+00 2.142945437333847458e+00 2.178305137594020113e+00
2.250000000000000000e+00 2.165148777189106255e+00 2.235542785552189660e+00
2.305000000000000160e+00 2.231135930785347554e+00 2.287225880270202794e+00
2.359999999999999876e+00 2.196548549888706514e+00 2.295171466362081691e+00
2.415000000000000036e+00 2.174235292509410389e+00 2.294840400274920089e+00
2.470000000000000195e+00 2.249382239775313153e+00 2.295355391966061198e+00
2.524999999999999911e+00 2.246670940849093689e+00 2.297378573609826002e+00
2.580000000000000071e+00 2.173649065714552187e+00 2.294803615154124454e+00
2.635000000000000231e+00 2.178485436772133799e+00 2.295355391966060754e+00
2.689999999999999947e+00 2.218202302123785774e+00 2.295612887811631087e+00
2.745000000000000107e+00 2.243519971826729797e+00 2.296054309261179593e+00
2.799999999999999822e+00 2.240698755376474338e+00 2.293957557375822631e+00
2.854999999999999982e+00 2.210508075441269593e+00 2.297268218247439542e+00
2.910000000000000142e+00 2.203583271427006274e+00 2.296716441435502798e+00
2.964999999999999858e+00 2.214098714559777470e+00 2.296458945589932910e+00
3.020000000000000018e+00 2.230696260689204014e+00 2.298555697475289872e+00
3.075000000000000178e+00 2.130304922069714557e+00 2.306942705016718165e+00
3.129999999999999893e+00 2.125725025234883603e+00 2.309517663472419713e+00
3.185000000000000053e+00 2.109347314153528608e+00 2.316138985215653090e+00
3.240000000000000213e+00 2.103448407030267031e+00 2.323679934978779560e+00
3.294999999999999929e+00 1.945643481689339094e+00 2.333133711023284373e+00
3.350000000000000089e+00 2.007160655974784991e+00 2.342697842430176536e+00
3.404999999999999805e+00 1.953667460943963263e+00 2.350459502918077259e+00
3.459999999999999964e+00 1.856463730521515476e+00 2.358037237801999364e+00
3.514999999999999680e+00 1.838107504007513215e+00 2.370764889597324565e+00
3.570000000000000284e+00 1.682940599243448299e+00 2.384007533083790431e+00
3.625000000000000000e+00 1.616220662153634136e+00 2.393902730577845084e+00
3.679999999999999716e+00 1.624098084709543199e+00 2.408727134258527247e+00
3.735000000000000320e+00 1.559649776449804737e+00 2.418953397839743058e+00
3.790000000000000036e+00 1.449952087461939154e+00 2.432894958621327319e+00
3.844999999999999751e+00 1.451454293623763769e+00 2.443047651960951416e+00
3.900000000000000355e+00 1.362457738329332813e+00 2.457908840762430103e+00
3.955000000000000071e+00 1.292147162121010995e+00 2.468834021638764309e+00
4.009999999999999787e+00 1.175378112420167209e+00 2.483952706285812440e+00
4.065000000000000391e+00 1.166474792973256180e+00 2.495392878853287755e+00
4.120000000000000107e+00 1.078284299521755640e+00 2.508488381856570637e+00
4.174999999999999822e+00 1.003833496574747297e+00 2.522209231913380645e+00
4.230000000000000426e+00 9.215052710718297790e-01 2.537622197526795631e+00
4.285000000000000142e+00 8.894093540533360986e-01 2.552556956569865587e+00
4.339999999999999858e+00 7.708816239679167071e-01 2.566866368559407974e+00
4.395000000000000462e+00 7.594135622935002106e-01 2.582683970501575832e+00
4.450000000000000178e+00 6.722123265583234142e-01 2.600892605295465732e+00
4.504999999999999893e+00 5.216619578037674509e-01 2.613657042211586568e+00
4.559999999999999609e+00 4.384177529338840751e-01 2.627304322026806638e+00
4.615000000000000213e+00 4.394802889995648720e-01 2.646359014598999249e+00
4.669999999999999929e+00 2.958180850845942844e-01 2.664935500600846385e+00
4.724999999999999645e+00 2.901023738347255354e-01 2.682665928824393031e+00
4.780000000000000249e+00 2.382213024897630038e-01 2.701095274343058517e+00
4.834999999999999964e+00 1.672512211372259583e-01 2.722908850974932182e+00
4.889999999999999680e+00 1.499208915142264398e-01 2.741742832822349651e+00
4.945000000000000284e+00 1.129153250887941218e-01 2.768264904916077018e+00
5.000000000000000000e+00 3.329839851209663582e-02 2.794419125801846704e+00
