-5.000000000000000000e-01 1.182784215041015642e-02 -3.027351498212880673e-02
-4.450000000000000067e-01 3.582650156492320215e-02 -1.357307014086345243e-02
-3.900000000000000133e-01 -1.288982384545065861e-03 -4.854996512273388951e-03
-3.349999999999999645e-01 -6.317254841677795441e-02 -3.672117751932727370e-04
-2.800000000000000266e-01 -7.464061009119409007e-02 1.067407935840535092e-03
-2.249999999999999778e-01 3.960033655682372589e-02 -2.022542211001511839e-03
-1.699999999999999845e-01 3.201602739834402689e-02 1.845650367428074514e-04
-1.149999999999999911e-01 1.153472875298098936e-02 -5.511373791719658983e-04
-5.999999999999999778e-02 -2.004823982001175189e-02 2.581352783342845967e-04
-5.000000000000004441e-03 5.635821629719000962e-03 1.067407935840535092e-03
5.000000000000004441e-02 3.011079031505444967e-02 4.535669337390987876e-02
1.049999999999999822e-01 2.787580065965705040e-02 1.027046966944664408e-01
1.600000000000000311e-01 5.491551157249770915e-02 1.548292128620281094e-01
2.149999999999999689e-01 3.620667022393481323e-03 2.064019522176536725e-01
2.700000000000000178e-01 7.843786171618835623e-02 2.643753025917378596e-01
3.249999999999999556e-01 8.371390286991334251e-02 3.197001242685287292e-01
3.800000000000000044e-01 6.620037737352062190e-02 3.735903262342858966e-01
4.350000000000000533e-01 4.828382095566279703e-02 4.285105115823236721e-01
4.899999999999999911e-01 7.675245968097063609e-02 4.825110689104681327e-01
5.449999999999999289e-01 8.613208839870400979e-02 5.383876673991950801e-01
6.000000000000000888e-01 1.692663757445514450e-01 5.920571586401777164e-01
6.550000000000000266e-01 5.605132598753572587e-02 6.428574104590928373e-01
7.099999999999999645e-01 1.250795310821045114e-01 6.994697113637347030e-01
7.649999999999999023e-01 2.173736120976134945e-01 7.562291527515593303e-01
8.200000000000000622e-01 1.865967053675509635e-01 8.079858177111635120e-01
8.750000000000000000e-01 1.941077361766733733e-01 8.644877632534182510e-01
9.299999999999999378e-01 2.508984569285744315e-01 9.194447337222521055e-01
9.850000000000000977e-01 2.819318378813875370e-01 9.736292166543750737e-01
1.040000000000000036e+00 2.695844360146838481e-01 1.027850484707293344e+00
1.094999999999999973e+00 3.027428890988583809e-01 1.081630331310663440e+00
1.149999999999999911e+00 3.093745797156932653e-01 1.137249433953820610e+00
1.205000000000000071e+00 2.238221068410551629e-01 1.191470702006739213e+00
1.260000000000000009e+00 2.833241265191760450e-01 1.247862292186606492e+00
1.314999999999999947e+00 3.562360841296813296e-01 1.300465014924512719e+00
1.370000000000000107e+00 3.848512795537037956e-01 1.354796638339819115e+00
1.425000000000000044e+00 3.053809096757209018e-01 1.411041088036502966e+00
1.479999999999999982e+00 3.481388265257007175e-01 1.464931290002260633e+00
1.535000000000000142e+00 4.127336914841532867e-01 1.519042202692791887e+00
1.589999999999999858e+00 3.821399806274838884e-01 1.573888817799237838e+00
1.645000000000000018e+00 3.595702490254379935e-01 1.627852590006586775e+00
1.700000000000000178e+00 4.657872164188324171e-01 1.684317750428045546e+00
1.754999999999999893e+00 4.643582886063652992e-01 1.742070390077355313e+00
1.810000000000000053e+00 4.915445562179204253e-01 1.794452402090487064e+00
1.865000000000000213e+00 5.106335662254949392e-01 1.851542909565473405e+00
1.919999999999999929e+00 4.722357111622741410e-01 1.906941301483855877e+00
1.975000000000000089e+00 4.244215882066413315e-01 1.962302908281442715e+00
2.029999999999999805e+00 5.598399778189164788e-01 2.014096358361843198e+00
2.084999999999999964e+00 5.742391734676242088e-01 2.067729064482029866e+00
2.140000000000000124e+00 5.892245959111904741e-01 2.120920349152668027e+00
2.194999999999999840e+00 5.062735044387363104e-01 2.178525848318795255e+00
2.250000000000000000e+00 6.139560388192764062e-01 2.232305694922164907e+00
2.305000000000000160e+00 6.269263066555169628e-01 2.285239483747232292e+00
2.359999999999999876e+00 5.354749266576169786e-01 2.339865388128904211e+00
2.415000000000000036e+00 5.657388849421784993e-01 2.397618027778214422e+00
2.470000000000000195e+00 6.698674193788900499e-01 2.451912866072723851e+00
2.524999999999999911e+00 6.561277288743978531e-01 2.503816671515511683e+00
2.580000000000000071e+00 6.570070690666852675e-01 2.559730055125034376e+00
2.635000000000000231e+00 6.943790272389039897e-01 2.613657042211587456e+00
2.689999999999999947e+00 6.912280582165404308e-01 2.669423285337927165e+00
2.745000000000000107e+00 6.334114405736372966e-01 2.723902049236416101e+00
2.799999999999999822e+00 7.105002640975082162e-01 2.778491168497291497e+00
2.854999999999999982e+00 7.090346971103625995e-01 2.832638866308620607e+00
2.910000000000000142e+00 7.752783249293542234e-01 2.864163714830567198e+00
2.964999999999999858e+00 7.890180154338463092e-01 2.862545169515554822e+00
3.020000000000000018e+00 7.143473774387661956e-01 2.863354442173061010e+00
3.075000000000000178e+00 7.379796451064924989e-01 2.861993392703618966e+00
3.129999999999999893e+00 7.209057897062438602e-01 2.862398029032371838e+00
3.185000000000000053e+00 7.566289850179233056e-01 2.863979789226589023e+00
3.240000000000000213e+00 7.500339335757669756e-01 2.862140533186802394e+00
3.294999999999999929e+00 7.523055624058432311e-01 2.861368045650090952e+00
3.350000000000000089e+00 7.090346971103625995e-01 2.862913020723512503e+00
3.404999999999999805e+00 7.681336858670179124e-01 2.863280871931469740e+00
3.459999999999999964e+00 6.940126354921177798e-01 2.863759078501814770e+00
3.514999999999999680e+00 7.538077685676677353e-01 2.863096946327491565e+00
3.570000000000000284e+00 7.092545321584344808e-01 2.862913020723512947e+00
3.625000000000000000e+00 7.565923458432447513e-01 2.868504359084464994e+00
3.679999999999999716e+00 7.532948201221665308e-01 2.866996169131839967e+00
3.735000000000000320e+00 6.591321411980467504e-01 2.872881788459157537e+00
3.790000000000000036e+00 6.969804086410876787e-01 2.875751027881225497e+00
3.844999999999999751e+00 6.769754192665472514e-01 2.879355969719206598e+00
3.900000000000000355e+00 6.667164503565263800e-01 2.883512688369126220e+00
3.955000000000000071e+00 5.984576679302091584e-01 2.887007274844721305e+00
4.009999999999999787e+00 6.221265747726144602e-01 2.892672183447265066e+00
4.065000000000000391e+00 6.094860595084816701e-01 2.898079596204238939e+00
4.120000000000000107e+00 5.879422247974378513e-01 2.903119157753255131e+00
4.174999999999999822e+00 5.274509474029934752e-01 2.909556553892509445e+00
4.230000000000000426e+00 5.441584110564559040e-01 2.915368602978236190e+00
4.285000000000000142e+00 4.998616488699731408e-01 2.920334594285659779e+00
4.339999999999999858e+00 4.760095461541746786e-01 2.927397337478442996e+00
4.395000000000000462e+00 4.792704327005741782e-01 2.933797948496900787e+00
4.450000000000000178e+00 3.555399398107870201e-01 2.940345699998541118e+00
4.504999999999999893e+00 4.353034230861990705e-01 2.949026988506335822e+00
4.559999999999999609e+00 4.353767014355563458e-01 2.954287260780126712e+00
4.615000000000000213e+00 3.289765381687689283e-01 2.963189260012696558e+00
4.669999999999999929e+00 3.369272390740350454e-01 2.967934540595346782e+00
4.724999999999999645e+00 3.075426209817609946e-01 2.978455085142928116e+00
4.780000000000000249e+00 2.027545814008338276e-01 2.985922464664462428e+00
4.834999999999999964e+00 2.348871375940062012e-01 2.995744091916925367e+00
4.889999999999999680e+00 1.951702722423540592e-01 3.000342232016392163e+00
4.945000000000000284e+00 1.946573237968529935e-01 3.011083487288748639e+00
5.000000000000000000e+00 2.183628698139369051e-01 3.016785181012087591e+00
