-5.000000000000000000e-01 -1.403941517271383062e-02 -3.792482010764244155e-02
-4.450000000000000067e-01 -7.911058940198889555e-02 -1.916440850181572869e-02
-3.900000000000000133e-01 1.495594891032020349e-03 -1.088775632277453123e-02
-3.349999999999999645e-01 9.924891293365921408e-02 -4.560715545907477984e-03
-2.800000000000000266e-01 -1.004574513274142725e-02 -7.613880571953786369e-03
-2.249999999999999778e-01 -1.956598040547614381e-01 -6.878178156039014592e-03
-1.699999999999999845e-01 5.539182084332008871e-02 -5.811409652962592869e-03
-1.149999999999999911e-01 9.939546963237379240e-02 -6.547112068877366381e-03
-5.999999999999999778e-02 9.734367585036962645e-02 -7.613880571953788104e-03
-5.000000000000004441e-03 2.410196566775651972e-02 -3.567517284422535087e-03
5.000000000000004441e-02 -1.803812682137659884e-01 3.891929723465561985e-02
1.049999999999999822e-01 2.139066674153672701e-02 9.597301958884627004e-02
1.600000000000000311e-01 -1.279872484233024743e-01 1.473986184612889050e-01
2.149999999999999689e-01 9.389959343057691088e-02 2.020980930845523438e-01
2.700000000000000178e-01 1.360712834856982745e-01 2.590414600763557562e-01
3.249999999999999556e-01 2.838874910515808495e-02 3.122695298677895526e-01
3.800000000000000044e-01 7.755852152390084464e-02 3.674472110613976050e-01
4.350000000000000533e-01 9.917563458430189716e-02 4.203442147656697436e-01
4.899999999999999911e-01 2.079207050305228177e-01 4.781704246565709471e-01
5.449999999999999289e-01 2.360229520090442179e-01 5.304420813073155161e-01
6.000000000000000888e-01 1.872562105117665798e-01 5.862083244336554477e-01
6.550000000000000266e-01 -3.668242512411697132e-02 6.398778156746379731e-01
7.099999999999999645e-01 2.478574054302468133e-01 6.927748193789105002e-01
7.649999999999999023e-01 2.628061886991344132e-01 7.492767649211646841e-01
8.200000000000000622e-01 2.131234678348905842e-01 8.019898430214580376e-01
8.750000000000000000e-01 3.241401671111875382e-01 8.547764913633429940e-01
9.299999999999999378e-01 3.383561668865021077e-01 9.142948168108484541e-01
9.850000000000000977e-01 3.494578368141318947e-01 9.709439028362859547e-01
1.040000000000000036e+00 3.764975477269724702e-01 1.023988047023741244e+00
1.094999999999999973e+00 3.478823523029500597e-01 1.075487216137775315e+00
1.149999999999999911e+00 3.640402283362328961e-01 1.130995963418544692e+00
1.205000000000000071e+00 3.257522907970479276e-01 1.186210429732948546e+00
1.260000000000000009e+00 2.126837977387467937e-01 1.238739582229263281e+00
1.314999999999999947e+00 1.989807464089332900e-01 1.295719734341862939e+00
1.370000000000000107e+00 2.328353438120020491e-01 1.347807465388628723e+00
1.425000000000000044e+00 4.468081239352939549e-01 1.405155468709185174e+00
1.479999999999999982e+00 3.644432592576980490e-01 1.460112439178018695e+00
1.535000000000000142e+00 2.407127663679109186e-01 1.514811913801282328e+00
1.589999999999999858e+00 3.605228675670828498e-01 1.564545397117120595e+00
1.645000000000000018e+00 5.582278541330560895e-01 1.620826631934601192e+00
1.700000000000000178e+00 2.757764565353750252e-01 1.678064279892770738e+00
1.754999999999999893e+00 5.013272158571189241e-01 1.736552621957994758e+00
1.810000000000000053e+00 3.347655277679947861e-01 1.787683939864071370e+00
1.865000000000000213e+00 5.148837104882180160e-01 1.841537356709032514e+00
1.919999999999999929e+00 6.449527805974109018e-01 1.902232806022001510e+00
1.975000000000000089e+00 4.200248872452038151e-01 1.953069842961712155e+00
2.029999999999999805e+00 6.323489045079565551e-01 2.008799300967256674e+00
2.084999999999999964e+00 4.787941234297518056e-01 2.062027370758690470e+00
2.140000000000000124e+00 6.356830694037134410e-01 2.117205051952298245e+00
2.194999999999999840e+00 6.124171934827732366e-01 2.171205609280443039e+00
2.250000000000000000e+00 4.612805979333590711e-01 2.225537232695748546e+00
2.305000000000000160e+00 6.195984717197879910e-01 2.280457418043786877e+00
2.359999999999999876e+00 7.541375211397756129e-01 2.334200479526360450e+00
2.415000000000000036e+00 7.399947997138180966e-01 2.391327772122143092e+00
2.470000000000000195e+00 6.358662652771065460e-01 2.442091238820262245e+00
2.524999999999999911e+00 7.983976441515796552e-01 2.495760730061244548e+00
2.580000000000000071e+00 7.251925731436450473e-01 2.549319865939840390e+00
2.635000000000000231e+00 8.765123645664527618e-01 2.607330001434720046e+00
2.689999999999999947e+00 5.705019776504023366e-01 2.661256988521274014e+00
2.745000000000000107e+00 7.913995617879583389e-01 2.715919678023740680e+00
2.799999999999999822e+00 6.662767802603828393e-01 2.770729508009392106e+00
2.854999999999999982e+00 7.989838709464379685e-01 2.827599304759602639e+00
2.910000000000000142e+00 6.057122245165811325e-01 2.864347640434546260e+00
2.964999999999999858e+00 6.423880383699055452e-01 2.865230483333644163e+00
3.020000000000000018e+00 7.969320771644337054e-01 2.862655524877942614e+00
3.075000000000000178e+00 8.231657262343441417e-01 2.864531566038524879e+00
3.129999999999999893e+00 9.036986321780078324e-01 2.865708689903989193e+00
3.185000000000000053e+00 9.166322608395699456e-01 2.865120127971257258e+00
3.240000000000000213e+00 7.246429855234655104e-01 2.864200499951363277e+00
3.294999999999999929e+00 8.884200963370126880e-01 2.866186896474333334e+00
3.350000000000000089e+00 9.211755184997220125e-01 2.865929400628763890e+00
3.404999999999999805e+00 6.327152962547429871e-01 2.863648723139427865e+00
3.459999999999999964e+00 9.370769203102542466e-01 2.864494780917729244e+00
3.514999999999999680e+00 7.541375211397753908e-01 2.864568351159321402e+00
3.570000000000000284e+00 9.243631266967639037e-01 2.867106524494227315e+00
3.625000000000000000e+00 8.564340968425550038e-01 2.865892615507967811e+00
3.679999999999999716e+00 8.281486539906401934e-01 2.868504359084464550e+00
3.735000000000000320e+00 8.927801581237713169e-01 2.873764631358255439e+00
3.790000000000000036e+00 8.360627157212278115e-01 2.877259217833850524e+00
3.844999999999999751e+00 8.262067777326719265e-01 2.880569878705466991e+00
3.900000000000000355e+00 8.478605299677516305e-01 2.885057663442546438e+00
3.955000000000000071e+00 6.480671104450956843e-01 2.890575431561908104e+00
4.009999999999999787e+00 6.714429038900716629e-01 2.896313910406044023e+00
4.065000000000000391e+00 6.083136059187649325e-01 2.901684538042220929e+00
4.120000000000000107e+00 6.226395232181154427e-01 2.905767686450547949e+00
4.174999999999999822e+00 6.188656882262147940e-01 2.911322239690704805e+00
4.230000000000000426e+00 6.621365535216957587e-01 2.915736454186193427e+00
4.285000000000000142e+00 6.716260997634649899e-01 2.924233817090008625e+00
4.339999999999999858e+00 6.402996054132226167e-01 2.933981874100880294e+00
4.395000000000000462e+00 5.140043702959306016e-01 2.941118187535252559e+00
4.450000000000000178e+00 3.520592182163155837e-01 2.947482013432915604e+00
4.504999999999999893e+00 3.114263734976974174e-01 2.955170103679225058e+00
4.559999999999999609e+00 4.098758358592189399e-01 2.961497144456092023e+00
4.615000000000000213e+00 4.109017327502210715e-01 2.971907333641286897e+00
4.669999999999999929e+00 3.888083104189975492e-01 2.974850143304946126e+00
4.724999999999999645e+00 4.244215882066413315e-01 2.985186762248548398e+00
4.780000000000000249e+00 4.338012169243746219e-01 2.994051976360321721e+00
4.834999999999999964e+00 1.194737373562717170e-01 3.001703281485834207e+00
4.889999999999999680e+00 2.812723327371718929e-01 3.008729239557819568e+00
4.945000000000000284e+00 2.784144771122374906e-01 3.017851949515163223e+00
5.000000000000000000e+00 2.700241061108276108e-01 3.026128601694205056e+00
