-5.000000000000000000e-01 1.185943971639842054e-01 -3.244383710907738222e-02
-4.450000000000000067e-01 -8.177147224130489403e-03 -1.478697912712282833e-02
-3.900000000000000133e-01 -2.111077588569248292e-02 -7.356384726383616984e-03
-3.349999999999999645e-01 3.062373876055548769e-02 -2.978955351690717058e-03
-2.800000000000000266e-01 3.967361490618101505e-02 -2.316823177367421070e-03
-2.249999999999999778e-01 3.803862895786710302e-03 -6.247076207634426641e-04
-1.699999999999999845e-01 -1.927881715176019140e-02 -6.247076207634430977e-04
-1.149999999999999911e-01 4.487637771054871910e-02 -4.039968959890109573e-04
-5.999999999999999778e-02 1.640773898524089044e-02 -2.611104143733330302e-03
-5.000000000000004441e-03 -1.202426056538830751e-02 1.177763298227751162e-03
5.000000000000004441e-02 5.443920230167531571e-02 4.417956950844623837e-02
1.049999999999999822e-01 -4.774745587706803046e-02 1.005711596883135661e-01
1.600000000000000311e-01 9.335000581039724910e-02 1.508564198160883552e-01
2.149999999999999689e-01 5.220421264627789909e-02 2.076526463247087839e-01
2.700000000000000178e-01 8.649848014549046948e-02 2.627567572767253723e-01
3.249999999999999556e-01 1.287434485499691084e-01 3.189644218526139774e-01
3.800000000000000044e-01 1.561495512095962268e-01 3.699485992755077723e-01
4.350000000000000533e-01 1.491881080206534926e-01 4.243537929324053271e-01
4.899999999999999911e-01 1.047814283101347194e-01 4.827317796352424972e-01
5.449999999999999289e-01 2.710133638271510215e-01 5.368794774465698305e-01
6.000000000000000888e-01 2.954150541631291316e-01 5.890039936141314714e-01
6.550000000000000266e-01 2.024981071780832254e-01 6.443656004117181979e-01
7.099999999999999645e-01 3.651394035765923030e-01 6.991386452765729898e-01
7.649999999999999023e-01 3.782195889368688002e-01 7.531024174839214824e-01
8.200000000000000622e-01 2.953051366390931909e-01 8.101561398381124102e-01
8.750000000000000000e-01 4.526337527091985891e-01 8.638624161998907924e-01
9.299999999999999378e-01 4.450860827253976804e-01 9.180101140112182367e-01
9.850000000000000977e-01 4.189257120048445193e-01 9.748799107614299908e-01
1.040000000000000036e+00 4.898957933573815371e-01 1.026121584029893841e+00
1.094999999999999973e+00 5.114029888937465795e-01 1.080379637203608523e+00
1.149999999999999911e+00 5.971386576417778702e-01 1.133092715303901876e+00
1.205000000000000071e+00 6.212472345803270457e-01 1.190882140074007278e+00
1.260000000000000009e+00 6.645547390504862317e-01 1.245581614697270689e+00
1.314999999999999947e+00 6.917043674873627479e-01 1.300097163716555260e+00
1.370000000000000107e+00 7.281603462926156123e-01 1.354392002011065799e+00
1.425000000000000044e+00 7.450510058194712570e-01 1.406590088420218931e+00
1.479999999999999982e+00 7.378330884077777263e-01 1.462319546425762784e+00
1.535000000000000142e+00 7.958329019240746316e-01 1.519777905108706362e+00
1.589999999999999858e+00 8.615635812975651620e-01 1.570320661082051705e+00
1.645000000000000018e+00 9.068496012003715023e-01 1.625829408362821527e+00
1.700000000000000178e+00 8.961143230195282028e-01 1.683913114099292896e+00
1.754999999999999893e+00 8.424012929406333727e-01 1.736736547561973598e+00
1.810000000000000053e+00 9.440017243245185652e-01 1.792392435325925737e+00
1.865000000000000213e+00 8.735079522428038645e-01 1.848452959418631636e+00
1.919999999999999929e+00 9.336694770651402520e-01 1.904623838873724662e+00
1.975000000000000089e+00 1.096310773463649024e+00 1.954173396585584088e+00
2.029999999999999805e+00 1.104811061989094956e+00 2.011190333818980047e+00
2.084999999999999964e+00 1.166841184720042612e+00 2.064197692885639146e+00
2.140000000000000124e+00 1.024351434394788818e+00 2.116910770985932277e+00
2.194999999999999840e+00 1.233817596032607211e+00 2.172603443870681161e+00
2.250000000000000000e+00 1.253529472009718759e+00 2.228332901876225236e+00
2.305000000000000160e+00 1.242244606208695812e+00 2.280163137077420021e+00
2.359999999999999876e+00 1.281265327241453589e+00 2.336407586774105205e+00
2.415000000000000036e+00 1.259245183259587453e+00 2.394013085940231989e+00
2.470000000000000195e+00 1.354507037424066418e+00 2.443562643652092081e+00
2.524999999999999911e+00 1.303541945446070605e+00 2.500653151127078200e+00
2.580000000000000071e+00 1.352784996214170032e+00 2.554874419179996803e+00
2.635000000000000231e+00 1.461420149136355429e+00 2.611449934963843145e+00
2.689999999999999947e+00 1.538618890184262122e+00 2.663574451131405230e+00
2.745000000000000107e+00 1.569505714438360622e+00 2.718457851358647037e+00
2.799999999999999822e+00 1.522094622404193132e+00 2.774003383760212937e+00
2.854999999999999982e+00 1.598010992338346981e+00 2.828224651813131096e+00
2.910000000000000142e+00 1.642784063795652783e+00 2.884248390785042027e+00
2.964999999999999858e+00 1.692576702183932191e+00 2.926588064820935919e+00
3.020000000000000018e+00 1.682867320894090746e+00 2.926330568975366475e+00
3.075000000000000178e+00 1.684222970357201143e+00 2.924197031969212990e+00
3.129999999999999893e+00 1.660041115069294415e+00 2.925043089747515257e+00
3.185000000000000053e+00 1.601198600535389316e+00 2.925227015351493876e+00
3.240000000000000213e+00 1.710200145204360922e+00 2.925484511197064208e+00
3.294999999999999929e+00 1.644249630782798732e+00 2.925337370713881224e+00
3.350000000000000089e+00 1.687813609475708132e+00 2.924712023660354099e+00
3.404999999999999805e+00 1.634063940222134637e+00 2.925484511197064208e+00
3.459999999999999964e+00 1.618602208507746276e+00 2.927397337478442552e+00
3.514999999999999680e+00 1.698548887656551543e+00 2.924822379022740115e+00
3.570000000000000284e+00 1.679056846727511543e+00 2.927360552357646473e+00
3.625000000000000000e+00 1.626296435190262013e+00 2.929310163759820007e+00
3.679999999999999716e+00 1.591562497594905423e+00 2.927801973807195424e+00
3.735000000000000320e+00 1.612959775607234914e+00 2.930965494195629351e+00
3.790000000000000036e+00 1.575001590640157101e+00 2.934533650912816150e+00
3.844999999999999751e+00 1.550893013701608592e+00 2.936887898643742556e+00
3.900000000000000355e+00 1.624098084709542977e+00 2.942552807246285873e+00
3.955000000000000071e+00 1.502968973221940008e+00 2.946599170533817702e+00
4.009999999999999787e+00 1.419798046701413963e+00 2.950020186767821073e+00
4.065000000000000391e+00 1.423352046645242286e+00 2.955979376336731246e+00
4.120000000000000107e+00 1.361321923914294851e+00 2.963961747549407555e+00
4.174999999999999822e+00 1.281155409717417593e+00 2.970215218084682807e+00
4.230000000000000426e+00 1.262322873932593570e+00 2.970803780017414741e+00
4.285000000000000142e+00 1.249132771048281354e+00 2.977792952968604467e+00
4.339999999999999858e+00 1.170102071266441834e+00 2.987504224858680058e+00
4.395000000000000462e+00 9.878588164148576212e-01 2.992359860803716298e+00
4.450000000000000178e+00 9.160093948700329669e-01 2.998797256942971501e+00
4.504999999999999893e+00 8.469445506007853286e-01 3.009281016369756312e+00
4.559999999999999609e+00 8.090230048083869585e-01 3.013621660623653664e+00
4.615000000000000213e+00 8.869178901751880728e-01 3.021493676473942180e+00
4.669999999999999929e+00 8.489230660334320389e-01 3.029696758411391411e+00
4.724999999999999645e+00 7.894210463553112955e-01 3.037016997449743627e+00
4.780000000000000249e+00 6.922539551075427289e-01 3.045624715715946174e+00
4.834999999999999964e+00 6.795401614940527191e-01 3.051326409439286014e+00
4.889999999999999680e+00 4.609142061865725837e-01 3.062913722489943869e+00
4.945000000000000284e+00 5.506435449745762378e-01 3.069240763266811278e+00
5.000000000000000000e+00 5.027561436695862085e-01 3.077848481533013825e+00
