-5.000000000000000000e-01 7.541058713008588592e-03 -3.439344851125152036e-02
-4.450000000000000067e-01 -3.521685813697113948e-02 -1.335235941608901508e-02
-3.900000000000000133e-01 -4.613533219120760642e-02 -4.634285787498956810e-03
-3.349999999999999645e-01 1.263390399334036671e-02 -1.507550519861170901e-03
-2.800000000000000266e-01 6.844914394114316389e-03 -2.978955351690717492e-03
-2.249999999999999778e-01 8.017367983830984632e-03 -1.433980278269693376e-03
-1.699999999999999845e-01 -2.241600926189857724e-03 6.259864862916715697e-04
-1.149999999999999911e-01 1.164464627701692657e-02 -3.420376801239580905e-03
-5.999999999999999778e-02 -7.847394652022676026e-03 -1.139699311903784144e-03
-5.000000000000004441e-03 -1.142425685830481897e-03 -2.568564128060563416e-04
5.000000000000004441e-02 -3.789151788851229802e-02 4.289209028059538797e-02
1.049999999999999822e-01 1.765347092431484785e-02 9.909975485648403470e-02
1.600000000000000311e-01 1.988846057971224712e-02 1.511139156616585211e-01
2.149999999999999689e-01 1.376971840837838690e-02 2.066962331840195843e-01
2.700000000000000178e-01 2.021821315182005876e-02 2.650374347660611196e-01
3.249999999999999556e-01 3.099013050734194738e-02 3.191483474565927625e-01
3.800000000000000044e-01 1.659093485863412029e-02 3.727810535767797084e-01
4.350000000000000533e-01 3.254275275607022063e-03 4.264137596969665989e-01
4.899999999999999911e-01 2.227000693382422819e-02 4.812235896826173032e-01
5.449999999999999289e-01 4.930971784666488000e-02 5.361069899098592773e-01
6.000000000000000888e-01 6.762930518598782303e-02 5.895557704260676601e-01
6.550000000000000266e-01 8.144227403983732294e-02 6.430045509422759320e-01
7.099999999999999645e-01 7.393124323071489923e-02 6.994329262429388461e-01
7.649999999999999023e-01 7.700893390372116898e-02 7.542059711077939710e-01
8.200000000000000622e-01 9.833293356669305096e-02 8.101929249589080451e-01
8.750000000000000000e-01 1.229910981254217356e-01 8.637888459582995226e-01
9.299999999999999378e-01 1.132450776609019161e-01 9.187826015479285680e-01
9.850000000000000977e-01 1.119627065471493210e-01 9.743281339494941351e-01
1.040000000000000036e+00 1.241269125404597246e-01 1.027556203740927598e+00
1.094999999999999973e+00 1.423732215304253923e-01 1.081961397397825042e+00
1.149999999999999911e+00 1.062836344719592097e-01 1.133901987961408286e+00
1.205000000000000071e+00 1.395153659054909900e-01 1.190551073986845676e+00
1.260000000000000009e+00 1.539145615541988588e-01 1.247126589770691574e+00
1.314999999999999947e+00 1.648330356084353188e-01 1.299986808354168355e+00
1.370000000000000107e+00 1.705853860329827332e-01 1.357371596795520663e+00
1.425000000000000044e+00 1.796719013532868947e-01 1.410195030258201365e+00
1.479999999999999982e+00 1.518261285975160135e-01 1.460811356473137534e+00
1.535000000000000142e+00 1.827862312009717605e-01 1.520440037283030010e+00
1.589999999999999858e+00 1.883187465774473490e-01 1.573263470745710491e+00
1.645000000000000018e+00 1.939978186526374049e-01 1.628220441214544678e+00
1.700000000000000178e+00 2.024981071780832809e-01 1.683398122408152453e+00
1.754999999999999893e+00 1.923490557920983501e-01 1.740267919158364096e+00
1.810000000000000053e+00 2.160179626345035964e-01 1.794893823540036237e+00
1.865000000000000213e+00 2.130135503108546435e-01 1.849004736230567048e+00
1.919999999999999929e+00 2.441202096130249688e-01 1.907456293174995876e+00
1.975000000000000089e+00 2.736513844040135424e-01 1.960095801033698404e+00
2.029999999999999805e+00 2.395403127781942365e-01 2.015163126864919718e+00
2.084999999999999964e+00 2.528403331865426984e-01 2.067655494240438152e+00
2.140000000000000124e+00 2.704271370322927082e-01 2.124672431473833001e+00
2.194999999999999840e+00 2.742376111988718557e-01 2.177974071506858067e+00
2.250000000000000000e+00 2.399433436996593616e-01 2.232158554438981479e+00
2.305000000000000160e+00 2.761794874568401226e-01 2.284798062297683785e+00
2.359999999999999876e+00 2.995919200764948220e-01 2.342697842430176536e+00
2.415000000000000036e+00 2.718927040194385469e-01 2.397397317053439281e+00
2.470000000000000195e+00 3.036588684658245163e-01 2.452207147039090263e+00
2.524999999999999911e+00 3.050145179289343589e-01 2.505913423400869089e+00
2.580000000000000071e+00 3.070663117109385110e-01 2.557854013964451667e+00
2.635000000000000231e+00 3.032924767190380289e-01 2.615643438734557513e+00
2.689999999999999947e+00 3.263018784172276310e-01 2.671409681860897667e+00
2.745000000000000107e+00 3.356448679602822560e-01 2.724895247497901352e+00
2.799999999999999822e+00 3.470762904600198095e-01 2.783273234200737800e+00
2.854999999999999982e+00 3.397850946989693366e-01 2.836427733750580771e+00
2.910000000000000142e+00 3.675209499307042771e-01 2.866922598890248697e+00
2.964999999999999858e+00 3.403346823191489845e-01 2.870453970486638973e+00
3.020000000000000018e+00 3.309550536014156386e-01 2.869387201983562452e+00
3.075000000000000178e+00 3.544407645704276688e-01 2.870270044882660354e+00
3.129999999999999893e+00 3.465633420145188270e-01 2.867915797151732615e+00
3.185000000000000053e+00 3.276941670550163055e-01 2.867400805460593283e+00
3.240000000000000213e+00 3.748854240411121364e-01 2.868246863238894662e+00
3.294999999999999929e+00 3.639303108121968444e-01 2.870306830003455989e+00
3.350000000000000089e+00 3.309184144267369176e-01 2.869276846621175547e+00
3.404999999999999805e+00 3.561261666056454445e-01 2.869902193674703117e+00
3.459999999999999964e+00 3.834223517412364557e-01 2.870306830003455989e+00
3.514999999999999680e+00 3.179481465904964166e-01 2.873580705754277709e+00
3.570000000000000284e+00 3.649562077031989760e-01 2.871447168748122891e+00
3.625000000000000000e+00 3.505570120544910795e-01 2.871778234835285382e+00
3.679999999999999716e+00 3.383195277118236088e-01 2.875272821310880467e+00
3.735000000000000320e+00 3.424963936251891328e-01 2.877700639283399475e+00
3.790000000000000036e+00 3.456473626475526917e-01 2.881747002570930860e+00
3.844999999999999751e+00 3.310283319507729693e-01 2.887779762381432747e+00
3.900000000000000355e+00 3.464900636651614962e-01 2.891458274461005118e+00
3.955000000000000071e+00 2.989690541069577878e-01 2.896277125285247056e+00
4.009999999999999787e+00 3.116828477204479642e-01 2.901868463646200436e+00
4.065000000000000391e+00 2.721125390675103728e-01 2.908967991959777510e+00
4.120000000000000107e+00 2.301606840604609183e-01 2.914044338629590669e+00
4.174999999999999822e+00 2.625497144763838664e-01 2.923902751002847911e+00
4.230000000000000426e+00 2.651510958785676664e-01 2.927103056512076584e+00
4.285000000000000142e+00 2.387708901099426517e-01 2.935857915261462558e+00
4.339999999999999858e+00 2.396868694769088148e-01 2.942920658454243998e+00
4.395000000000000462e+00 2.093862720176686842e-01 2.947482013432915604e+00
4.450000000000000178e+00 2.218802305830868959e-01 2.955280459041612851e+00
4.504999999999999893e+00 2.126105193893895184e-01 2.964219243394977887e+00
4.559999999999999609e+00 1.882088290534113251e-01 2.969663441272745619e+00
4.615000000000000213e+00 1.692663757445514450e-01 2.980073630457940048e+00
4.669999999999999929e+00 1.513864585013722786e-01 2.985223547369342700e+00
4.724999999999999645e+00 1.849845816816905464e-01 2.994603753172256244e+00
4.780000000000000249e+00 1.673611386612618712e-01 3.003174686317664932e+00
4.834999999999999964e+00 1.432892008973915277e-01 3.014725214247526708e+00
4.889999999999999680e+00 1.594104377559957264e-01 3.023590428359298699e+00
4.945000000000000284e+00 1.258489537503560962e-01 3.034110972906880477e+00
5.000000000000000000e+00 1.044883149127055627e-01 3.040916220254092472e+00
