5.000000000000000000e-01 5.067519378510140227e-01 9.567132683978738505e-01
5.300000000000000266e-01 5.362892922990465383e-01 1.019911222374182636e+00
5.600000000000000533e-01 5.661218357984023619e-01 1.083220505688089030e+00
5.899999999999999689e-01 5.965041689058475649e-01 1.148689578151391721e+00
6.199999999999999956e-01 6.260599726695877942e-01 1.212202965250893660e+00
6.500000000000000222e-01 6.557080230118667030e-01 1.275423185094721967e+00
6.799999999999999378e-01 6.858726541939610399e-01 1.340472917053072921e+00
7.099999999999999645e-01 7.150041236964239655e-01 1.404405644657526597e+00
7.399999999999999911e-01 7.458993477805436756e-01 1.469073145890125387e+00
7.700000000000000178e-01 7.760344600575057594e-01 1.533376971286571466e+00
8.000000000000000444e-01 8.052507964122239681e-01 1.597755016241416026e+00
8.299999999999999600e-01 8.349172960702105906e-01 1.659223654507040457e+00
8.599999999999999867e-01 8.643402647608554590e-01 1.723371618830849661e+00
8.900000000000000133e-01 8.943905101855618156e-01 1.788176426246485429e+00
9.199999999999999289e-01 9.249130580923858869e-01 1.851749188992706685e+00
9.499999999999999556e-01 9.544356530878524980e-01 1.915815511802277493e+00
9.799999999999999822e-01 9.842202283663679108e-01 1.979625777135373577e+00
1.010000000000000009e+00 1.014480795990142514e+00 2.043068655654395549e+00
1.040000000000000036e+00 1.044073498385298171e+00 2.106582042753897710e+00
1.069999999999999840e+00 1.075348778372996028e+00 2.169598158812130251e+00
1.100000000000000089e+00 1.103679547573745090e+00 2.235980131843733787e+00
1.129999999999999893e+00 1.133087756811823610e+00 2.298881207586449094e+00
1.159999999999999920e+00 1.162979338121443718e+00 2.364647158283344819e+00
1.189999999999999947e+00 1.192664287095138276e+00 2.423291742351906475e+00
1.219999999999999973e+00 1.222718222382986442e+00 2.488033463142903745e+00
1.250000000000000000e+00 1.252801676575966860e+00 2.551791774785121092e+00
1.280000000000000027e+00 1.283678451344378635e+00 2.614796757909593428e+00
1.310000000000000053e+00 1.312787781667992482e+00 2.677660723873108939e+00
1.339999999999999858e+00 1.343749423288659539e+00 2.742209473812270648e+00
1.370000000000000107e+00 1.372375381540731576e+00 2.805032619018666740e+00
1.399999999999999911e+00 1.402407177649730885e+00 2.868531162206489515e+00
1.429999999999999938e+00 1.432881757335714434e+00 2.931120515803930182e+00
1.459999999999999964e+00 1.463607247715323245e+00 2.993932528076566957e+00
1.489999999999999991e+00 1.492834653659466326e+00 3.057189857699594171e+00
1.520000000000000018e+00 1.521840667815116621e+00 3.118810646059935188e+00
1.550000000000000044e+00 1.550846681970767582e+00 3.179882209688127404e+00
1.580000000000000071e+00 1.580919066574323351e+00 3.242916880635958954e+00
1.609999999999999876e+00 1.610936103230756311e+00 3.309317408557161944e+00
1.639999999999999902e+00 1.641200360717672391e+00 3.369038176222501679e+00
1.669999999999999929e+00 1.669641825812667069e+00 3.431471668747306136e+00
1.699999999999999956e+00 1.699972500836130829e+00 3.493496953700919061e+00
1.729999999999999982e+00 1.731269920002678431e+00 3.557069716447139651e+00
1.760000000000000009e+00 1.759619138519134873e+00 3.618208077677890433e+00
1.790000000000000036e+00 1.789794839290653972e+00 3.681123997332285125e+00
1.819999999999999840e+00 1.819291605244129473e+00 3.744136402412597597e+00
1.849999999999999867e+00 1.848899067091851256e+00 3.806811108502196728e+00
1.879999999999999893e+00 1.877790695490114237e+00 3.831440868956733414e+00
1.909999999999999920e+00 1.907722865294291470e+00 3.830906488136264443e+00
1.939999999999999947e+00 1.938116267991161434e+00 3.832402012237993816e+00
1.969999999999999973e+00 1.969517003325672144e+00 3.831140279745219868e+00
2.000000000000000000e+00 1.999626286560643562e+00 3.832565295266470606e+00
2.030000000000000249e+00 2.029455140196857688e+00 3.832257284099116923e+00
2.060000000000000053e+00 2.059232335749090037e+00 3.832936393058463231e+00
2.089999999999999858e+00 2.089529802004280512e+00 3.831919585108404025e+00
2.120000000000000107e+00 2.120325399783578035e+00 3.832691468515748046e+00
2.149999999999999911e+00 2.150128424377801828e+00 3.832327792679595557e+00
2.179999999999999716e+00 2.181366805734084480e+00 3.832917838168863778e+00
2.209999999999999964e+00 2.211608924042151259e+00 3.831763724035766927e+00
2.240000000000000213e+00 2.240887988070275672e+00 3.832769399052066817e+00
2.270000000000000018e+00 2.269871863047077110e+00 3.831581886117691127e+00
2.299999999999999822e+00 2.301564097569769540e+00 3.832242440187437094e+00
2.330000000000000071e+00 2.330448346241749125e+00 3.832750844162466919e+00
2.359999999999999876e+00 2.360815919896628756e+00 3.831362938420415087e+00
2.389999999999999680e+00 2.391497131918538521e+00 3.831066060186821165e+00
2.419999999999999929e+00 2.420809404714936885e+00 3.831622706874810103e+00
2.450000000000000178e+00 2.451494306599988793e+00 3.826950585673625671e+00
2.479999999999999982e+00 2.481042730637446070e+00 3.821183725986062818e+00
2.509999999999999787e+00 2.512085549247227156e+00 3.814195954562845881e+00
2.540000000000000036e+00 2.541932852199149551e+00 3.800257521495610913e+00
2.569999999999999840e+00 2.571953578718722877e+00 3.780370390822737292e+00
2.600000000000000089e+00 2.601383927135650698e+00 3.754285927023590208e+00
2.629999999999999893e+00 2.630832724868287009e+00 3.720241415586205580e+00
2.660000000000000142e+00 2.661635702373867485e+00 3.679364993798240668e+00
2.689999999999999947e+00 2.691822472734811011e+00 3.630910755097791043e+00
2.719999999999999751e+00 2.720673512638517089e+00 3.576537506615061979e+00
2.750000000000000000e+00 2.750587233126987385e+00 3.517117328161236234e+00
2.779999999999999805e+00 2.780703896088240867e+00 3.451900602196488865e+00
2.810000000000000053e+00 2.810639755755560465e+00 3.383280909479171150e+00
2.839999999999999858e+00 2.840177110203592648e+00 3.309298853667562934e+00
2.870000000000000107e+00 2.869913717261268538e+00 3.233227517287037056e+00
2.899999999999999911e+00 2.900004551180532797e+00 3.155386044438707849e+00
2.929999999999999716e+00 2.930755870602131719e+00 3.074787314995874876e+00
2.959999999999999964e+00 2.961038577404754957e+00 2.989267828831222218e+00
2.989999999999999769e+00 2.989996623339565840e+00 2.904650110301111088e+00
3.020000000000000018e+00 3.019810717523214283e+00 2.816124732021319854e+00
3.049999999999999822e+00 3.049669090064560439e+00 2.726137228441078530e+00
3.080000000000000071e+00 3.079985005635458073e+00 2.634442675017672375e+00
3.109999999999999876e+00 3.109533429672915350e+00 2.540577199511109718e+00
3.139999999999999680e+00 3.140096566074295659e+00 2.447977167475242410e+00
3.169999999999999929e+00 3.169947558889359751e+00 2.352441751904714273e+00
3.199999999999999734e+00 3.199673096357610991e+00 2.254798500875669465e+00
3.229999999999999982e+00 3.230188264538151444e+00 2.156327701770481386e+00
3.259999999999999787e+00 3.260603806413870931e+00 2.058651051940157295e+00
3.290000000000000036e+00 3.289643029337795177e+00 1.962362307851886367e+00
3.319999999999999840e+00 3.319320598585205673e+00 1.864084479598534516e+00
3.350000000000000089e+00 3.350378176647553552e+00 1.764322260177212831e+00
3.379999999999999893e+00 3.381295539910522230e+00 1.664611994446770327e+00
3.409999999999999698e+00 3.409615239521845975e+00 1.562237246569821769e+00
3.439999999999999947e+00 3.439805699745931644e+00 1.463436170429760486e+00
3.469999999999999751e+00 3.469571825708739787e+00 1.363447581355323512e+00
3.500000000000000000e+00 3.499762285932825012e+00 1.262501559977545984e+00
