-5.000000000000000000e-01 -2.260597357073578298e-02 -5.586033760707356799e-02
-4.450000000000000067e-01 -2.223739446014806262e-02 -3.815178937092167377e-02
-3.900000000000000133e-01 -2.360113716932262656e-02 -3.132661973823811646e-02
-3.349999999999999645e-01 -2.183195743850157092e-02 -2.645676897329635180e-02
-2.800000000000000266e-01 -2.267968939285332566e-02 -2.520241347323559991e-02
-2.249999999999999778e-01 -2.481744823426210514e-02 -2.612473369386850500e-02
-1.699999999999999845e-01 -2.319570014767613486e-02 -2.575580560561534574e-02
-1.149999999999999911e-01 -2.341684761402876638e-02 -2.571891279679002287e-02
-5.999999999999999778e-02 -2.212682072697174512e-02 -2.568201998796470348e-02
-5.000000000000004441e-03 -2.293769477026473200e-02 -2.557134156148876264e-02
5.000000000000004441e-02 2.729963800284154057e-02 2.393880788208592805e-02
1.049999999999999822e-01 1.115568226831944038e-01 7.913044988475932684e-02
1.600000000000000311e-01 1.987626402482489951e-01 1.306328110049011226e-01
2.149999999999999689e-01 2.969152573977589249e-01 1.861564882870024029e-01
2.700000000000000178e-01 3.888020296672775600e-01 2.433772347750682019e-01
3.249999999999999556e-01 4.859963411292593238e-01 3.002659459837062061e-01
3.800000000000000044e-01 5.844069636561806114e-01 3.563799082070124302e-01
4.350000000000000533e-01 6.833335969379246144e-01 4.069968419153466299e-01
4.899999999999999911e-01 7.818547931980224241e-01 4.622622695356706224e-01
5.449999999999999289e-01 8.782382306167112462e-01 5.171956618765669589e-01
6.000000000000000888e-01 9.767594268768090560e-01 5.727562319674934788e-01
6.550000000000000266e-01 1.075944065535964667e+00 6.280954452054681170e-01
7.099999999999999645e-01 1.178888211123114926e+00 6.848365851788050795e-01
7.649999999999999023e-01 1.277777986493800144e+00 7.422049029021721145e-01
8.200000000000000622e-01 1.371249648938845489e+00 7.917888379633971629e-01
8.750000000000000000e-01 1.474636089458700949e+00 8.501532615250477765e-01
9.299999999999999378e-01 1.569434636701862784e+00 9.032420134246782473e-01
9.850000000000000977e-01 1.670867607935603294e+00 9.600200462068401164e-01
1.040000000000000036e+00 1.770457683616405431e+00 1.015137902591862984e+00
1.094999999999999973e+00 1.867541421345210839e+00 1.069333438756252974e+00
1.149999999999999911e+00 1.965694038494720797e+00 1.124340616714799790e+00
1.205000000000000071e+00 2.061266601870116677e+00 1.179606044335123949e+00
1.260000000000000009e+00 2.161114682928329866e+00 1.233285081175959252e+00
1.314999999999999947e+00 2.255655224794080205e+00 1.288550508796283189e+00
1.370000000000000107e+00 2.355392732119117483e+00 1.342340224063594434e+00
1.425000000000000044e+00 2.456088545131682732e+00 1.397827008536871141e+00
1.479999999999999982e+00 2.548675617711317898e+00 1.456634145804424962e+00
1.535000000000000142e+00 2.646312224106006195e+00 1.509464648042278423e+00
1.589999999999999858e+00 2.739968176106346132e+00 1.563697077015493209e+00
1.645000000000000018e+00 2.836941340101974962e+00 1.619257647106419951e+00
1.700000000000000178e+00 2.933472209164899258e+00 1.676994892918040714e+00
1.754999999999999893e+00 3.028307614319119434e+00 1.729382681449989523e+00
1.810000000000000053e+00 3.122663866629575846e+00 1.785533536482121209e+00
1.865000000000000213e+00 3.210127689572042087e+00 1.832166046837321316e+00
1.919999999999999929e+00 3.207916214908515418e+00 1.833272831102080946e+00
1.975000000000000089e+00 3.207805641175339506e+00 1.831428190660815192e+00
2.029999999999999805e+00 3.208284794019103270e+00 1.834969900308045299e+00
2.084999999999999964e+00 3.208690231040749907e+00 1.833863116043285668e+00
2.140000000000000124e+00 3.206921051309928661e+00 1.833641759190334009e+00
2.194999999999999840e+00 3.206663045932517164e+00 1.831538869087290244e+00
2.250000000000000000e+00 3.204451571268990939e+00 1.831575761896116150e+00
2.305000000000000160e+00 3.205115013668049073e+00 1.834158258513888029e+00
2.359999999999999876e+00 3.204046134247344746e+00 1.832018475602019691e+00
2.415000000000000036e+00 3.202461244071817426e+00 1.832534974925574378e+00
2.470000000000000195e+00 3.196305972925002514e+00 1.835228149969822420e+00
2.524999999999999911e+00 3.183516277787608484e+00 1.835191257160996958e+00
2.580000000000000071e+00 3.148095825260128766e+00 1.837146576028739098e+00
2.635000000000000231e+00 3.097158192176905800e+00 1.838732966808227731e+00
2.689999999999999947e+00 3.025690702633946572e+00 1.844709601837928759e+00
2.745000000000000107e+00 2.940475212266065785e+00 1.847218312838049936e+00
2.799999999999999822e+00 2.840221694186205958e+00 1.853416304720703289e+00
2.854999999999999982e+00 2.729095092344008044e+00 1.857806548970916571e+00
2.910000000000000142e+00 2.612660951309347279e+00 1.866328787809564238e+00
2.964999999999999858e+00 2.487638916997991334e+00 1.871788923515711023e+00
3.020000000000000018e+00 2.356056174518175172e+00 1.878171379442490352e+00
3.075000000000000178e+00 2.223957421283536462e+00 1.884959656266348871e+00
3.129999999999999893e+00 2.084302796281849002e+00 1.891526576237255286e+00
3.185000000000000053e+00 1.940814948530049655e+00 1.901266277767139190e+00
3.240000000000000213e+00 1.796368795090722115e+00 1.909161338855756895e+00
3.294999999999999929e+00 1.650632614764337536e+00 1.921188394532810317e+00
3.350000000000000089e+00 1.507697635678419523e+00 1.925910674062450534e+00
3.404999999999999805e+00 1.357059353181218286e+00 1.935871732445285431e+00
3.459999999999999964e+00 1.209517135212954342e+00 1.947124039137007490e+00
3.514999999999999680e+00 1.064149533997157615e+00 1.955055993034449990e+00
3.570000000000000284e+00 9.136586831441912970e-01 1.965976264446744004e+00
3.625000000000000000e+00 7.725297417001530942e-01 1.977154785520815139e+00
3.679999999999999716e+00 6.306267841238807348e-01 1.990104161418501105e+00
3.735000000000000320e+00 4.924464755645444058e-01 2.001319575301397258e+00
3.790000000000000036e+00 3.618220387722564380e-01 2.015929127596222337e+00
3.844999999999999751e+00 2.436924338288921355e-01 2.031239643258728744e+00
3.900000000000000355e+00 1.434389157490321975e-01 2.048357906553675445e+00
3.955000000000000071e+00 6.703246612419776207e-02 2.071379019260672916e+00
4.009999999999999787e+00 1.524710108662308793e-02 2.099233089923786988e+00
4.065000000000000391e+00 -1.140116860886908855e-02 2.131624976072415301e+00
4.120000000000000107e+00 -1.910447202015243956e-02 2.166525573221164347e+00
4.174999999999999822e+00 -2.061564637356209234e-02 2.200503850149281071e+00
4.230000000000000426e+00 -2.341684761402876638e-02 2.239130620989386866e+00
4.285000000000000142e+00 -2.245854192650069414e-02 2.276281679476480413e+00
4.339999999999999858e+00 -2.238482610438315146e-02 2.311883239992910788e+00
4.395000000000000462e+00 -2.172138370532525342e-02 2.351579902288952084e+00
4.450000000000000178e+00 -2.256911565967701164e-02 2.388878532011346589e+00
4.504999999999999893e+00 -2.441201121261561344e-02 2.428058694983832755e+00
4.559999999999999609e+00 -2.422772165732175326e-02 2.466242752118035231e+00
4.615000000000000213e+00 -2.371171090249894406e-02 2.503098668134525973e+00
4.669999999999999929e+00 -2.249539983755946548e-02 2.539548763253939079e+00
4.724999999999999645e+00 -2.286397894814718584e-02 2.580868709138293138e+00
4.780000000000000249e+00 -2.172138370532525342e-02 2.620823621096111111e+00
4.834999999999999964e+00 -2.293769477026473200e-02 2.654728112406576912e+00
4.889999999999999680e+00 -2.205310490485420244e-02 2.694240310658491122e+00
4.945000000000000284e+00 -2.186881534956034226e-02 2.733014652733898320e+00
5.000000000000000000e+00 -2.039449890720946082e-02 2.768505534823852976e+00
