-5.000000000000000000e-01 -3.525349731164977712e-02 -3.615913430944698442e-02
-4.450000000000000067e-01 3.025734701376902799e-02 -2.045188772966657562e-02
-3.900000000000000133e-01 -1.381958012464195792e-02 -8.018516900706913406e-03
-3.349999999999999645e-01 9.776048368405992200e-03 -5.222847720230776140e-03
-2.800000000000000266e-01 5.117831575527581611e-02 -7.135674001609183977e-03
-2.249999999999999778e-01 -2.997246682216230191e-04 -4.376789941928785690e-03
-1.699999999999999845e-01 4.348408907276019031e-02 -7.944946659115437182e-03
-1.149999999999999911e-01 4.718464571530341795e-02 -7.098888880813444997e-03
-5.999999999999999778e-02 -1.199999083433576780e-01 -4.671070908294694922e-03
-5.000000000000004441e-03 2.410196566775652319e-02 -6.363186464898674087e-03
5.000000000000004441e-02 6.927806804652689165e-02 3.947107404659169760e-02
1.049999999999999822e-01 2.553089348022371044e-02 9.380269746189770497e-02
1.600000000000000311e-01 2.244816119852708070e-01 1.512610561448414492e-01
2.149999999999999689e-01 2.591422712312697607e-01 2.030545062252414878e-01
2.700000000000000178e-01 3.086784353967989558e-01 2.572022040365687934e-01
3.249999999999999556e-01 4.638087009861855958e-01 3.113499018478960711e-01
3.800000000000000044e-01 4.327386808586939915e-01 3.691393266180016397e-01
4.350000000000000533e-01 5.254724319703466540e-01 4.225145368926182532e-01
4.899999999999999911e-01 5.693661632353643753e-01 4.762575983751923814e-01
5.449999999999999289e-01 7.603295416604668455e-01 5.322445522263067330e-01
6.000000000000000888e-01 8.428043238620984701e-01 5.847737047226214679e-01
6.550000000000000266e-01 8.721523027796937999e-01 6.400985263994125596e-01
7.099999999999999645e-01 9.619915590917335058e-01 6.940255134859653063e-01
7.649999999999999023e-01 9.323871059513876292e-01 7.527713513967602132e-01
8.200000000000000622e-01 1.147605618013753492e+00 8.042705205107942845e-01
8.750000000000000000e-01 1.099058711564547597e+00 8.570571688526791299e-01
9.299999999999999378e-01 1.237225039277721539e+00 9.122348500462870158e-01
9.850000000000000977e-01 1.312994852513161170e+00 9.685160848637671682e-01
1.040000000000000036e+00 1.390926377054640728e+00 1.022516642191911629e+00
1.094999999999999973e+00 1.499561529976825902e+00 1.077473612660744928e+00
1.149999999999999911e+00 1.601125322186032207e+00 1.131363814626502151e+00
1.205000000000000071e+00 1.671765650966461125e+00 1.186136859491357276e+00
1.260000000000000009e+00 1.589400786288865275e+00 1.241792747255309859e+00
1.314999999999999947e+00 1.696057423778403628e+00 1.294689750959581609e+00
1.370000000000000107e+00 1.826273050586310731e+00 1.349720291670007066e+00
1.425000000000000044e+00 1.880279194062634884e+00 1.405229038950776665e+00
1.479999999999999982e+00 1.961947914421336536e+00 1.461363133285074056e+00
1.535000000000000142e+00 2.016723480565912219e+00 1.514333707230937742e+00
1.589999999999999858e+00 2.081208428000329125e+00 1.566605363881682145e+00
1.645000000000000018e+00 2.222818838133294950e+00 1.623953367202238818e+00
1.700000000000000178e+00 2.224211126771083791e+00 1.679425329362212560e+00
1.754999999999999893e+00 2.352265042272950968e+00 1.732800539636829118e+00
1.810000000000000053e+00 2.352997825766523832e+00 1.787095377931339213e+00
1.865000000000000213e+00 2.332882918867947630e+00 1.842089133520968813e+00
1.919999999999999929e+00 2.421842834987699700e+00 1.898296798096857474e+00
1.975000000000000089e+00 2.592837863212940075e+00 1.951230586921925081e+00
2.029999999999999805e+00 2.695574109011863229e+00 2.006113987149167777e+00
2.084999999999999964e+00 2.707848232529209476e+00 2.050807908915989852e+00
2.140000000000000124e+00 2.744304211334462451e+00 2.051801107177474659e+00
2.194999999999999840e+00 2.717630892168407364e+00 2.053897859062831621e+00
2.250000000000000000e+00 2.730637799179326475e+00 2.052500024472593942e+00
2.305000000000000160e+00 2.701289820261730590e+00 2.051874677419066373e+00
2.359999999999999876e+00 2.742728726823279839e+00 2.052904660801347259e+00
2.415000000000000036e+00 2.673627243379353313e+00 2.051764322056679468e+00
2.470000000000000195e+00 2.662379016753009697e+00 2.053750718579649082e+00
2.524999999999999911e+00 2.732286562039865974e+00 2.051580396452700406e+00
2.580000000000000071e+00 2.739028170180736410e+00 2.049998636258483664e+00
2.635000000000000231e+00 2.678243779388863377e+00 2.052389669110207038e+00
2.689999999999999947e+00 2.722247428177916539e+00 2.054412850753972286e+00
2.745000000000000107e+00 2.695610748186541006e+00 2.053088586405325877e+00
2.799999999999999822e+00 2.660876810591185304e+00 2.058753495007869638e+00
2.854999999999999982e+00 2.618558563837348974e+00 2.059562767665375826e+00
2.910000000000000142e+00 2.596611698204840391e+00 2.064859825059961906e+00
2.964999999999999858e+00 2.519193122108861704e+00 2.072290419460701472e+00
3.020000000000000018e+00 2.448076484057609914e+00 2.080088865069397386e+00
3.075000000000000178e+00 2.405941433177166910e+00 2.088733368456396899e+00
3.129999999999999893e+00 2.309177372850863108e+00 2.097230731360212097e+00
3.185000000000000053e+00 2.246634301674415024e+00 2.106353441317555752e+00
3.240000000000000213e+00 2.188854323206189889e+00 2.115255440550124266e+00
3.294999999999999929e+00 2.168849333831649684e+00 2.124304580265876208e+00
3.350000000000000089e+00 1.969349027706422950e+00 2.135156190900619144e+00
3.404999999999999805e+00 1.969642141103852051e+00 2.149097751682203405e+00
3.459999999999999964e+00 1.820593978511120925e+00 2.158146891397955791e+00
3.514999999999999680e+00 1.655571135758499235e+00 2.168888146670311379e+00
3.570000000000000284e+00 1.648976084316343460e+00 2.179408691217892269e+00
3.625000000000000000e+00 1.626736105286405110e+00 2.191290285234915647e+00
3.679999999999999716e+00 1.475636148911670054e+00 2.200229069588280684e+00
3.735000000000000320e+00 1.361505119787688400e+00 2.214133845249069310e+00
3.790000000000000036e+00 1.291414378627438353e+00 2.227928265547471476e+00
3.844999999999999751e+00 1.251184564830285506e+00 2.239809859564495298e+00
3.900000000000000355e+00 1.048203537110587114e+00 2.251875379185497295e+00
3.955000000000000071e+00 1.025157496237719235e+00 2.266773353107771616e+00
4.009999999999999787e+00 9.547003633306830883e-01 2.280310277560603449e+00
4.065000000000000391e+00 8.568004885893413247e-01 2.292596507906380143e+00
4.120000000000000107e+00 7.498140985276954273e-01 2.308450894969343636e+00
4.174999999999999822e+00 6.571536257653998181e-01 2.319780712174431159e+00
4.230000000000000426e+00 4.045631555308153438e-01 2.337731851122751614e+00
4.285000000000000142e+00 4.274626397049690052e-01 2.353328742340145219e+00
4.339999999999999858e+00 3.328236515100266302e-01 2.372125939066767497e+00
4.395000000000000462e+00 2.903954872321547476e-01 2.387244623713816072e+00
4.450000000000000178e+00 1.771437983004603423e-01 2.408065002084204043e+00
4.504999999999999893e+00 9.785662429587065059e-02 2.430467140648808311e+00
4.559999999999999609e+00 7.451747002557324029e-02 2.454708535253200541e+00
4.615000000000000213e+00 4.450998596376227329e-02 2.482665227057961665e+00
4.669999999999999929e+00 4.476646018651279230e-02 2.517022529881181914e+00
4.724999999999999645e+00 -5.502487472589341275e-03 2.549246295698248677e+00
4.780000000000000249e+00 4.755103746208987764e-02 2.583640383642264116e+00
4.834999999999999964e+00 4.055295509846851970e-02 2.622485471202564700e+00
4.889999999999999680e+00 3.575322321556591298e-02 2.658534889582388150e+00
4.945000000000000284e+00 4.007664582764611932e-02 2.698115679558603208e+00
5.000000000000000000e+00 2.487138833600808022e-02 2.736850411756516444e+00
