-5.000000000000000000e-01 -1.788652851397164525e-02 -3.303239904180919895e-02
-4.450000000000000067e-01 -4.330033882872672164e-03 -1.537554105985464506e-02
-3.900000000000000133e-01 1.417274932984349291e-02 -3.530732163626796542e-03
-3.349999999999999645e-01 -9.255716650905193577e-02 9.938376942490580006e-04
-2.800000000000000266e-01 -7.393947643653776217e-04 -1.250054674291000215e-03
-2.249999999999999778e-01 -1.741021924314924835e-02 7.731269694746256433e-04
-1.699999999999999845e-01 4.432679009036903650e-02 2.213501575385461867e-04
-1.149999999999999911e-01 4.139565611607737283e-02 -1.728261244635602390e-03
-5.999999999999999778e-02 3.505707889667163818e-02 -2.353608298163159616e-03
-5.000000000000004441e-03 3.381134695759768771e-02 -9.189885871293521124e-04
5.000000000000004441e-02 -2.498075148940378902e-03 4.473134632038233000e-02
1.049999999999999822e-01 -4.382706418645290758e-02 1.004240192051306380e-01
1.600000000000000311e-01 1.196202940549863092e-01 1.540199402045218657e-01
2.149999999999999689e-01 1.575418398473847903e-01 2.070640843919769880e-01
2.700000000000000178e-01 1.508368708811925751e-01 2.636396001758230523e-01
3.249999999999999556e-01 9.683072740486857455e-02 3.138880751828020399e-01
3.800000000000000044e-01 2.338978798776827350e-01 3.704635909666481597e-01
4.350000000000000533e-01 3.481021873510219411e-01 4.240595119660394152e-01
4.899999999999999911e-01 3.574818160687552870e-01 4.790532675556686271e-01
5.449999999999999289e-01 2.850828069037510404e-01 5.355919982187189454e-01
6.000000000000000888e-01 3.878190527026740275e-01 5.880107953526465536e-01
6.550000000000000266e-01 3.397118163496120058e-01 6.435563277542118987e-01
7.099999999999999645e-01 5.112930713697105833e-01 6.977040255655391210e-01
7.649999999999999023e-01 6.140293171686337370e-01 7.533231282086959579e-01
8.200000000000000622e-01 4.867814635096965326e-01 8.085375945230999228e-01
8.750000000000000000e-01 6.485800588905965558e-01 8.645981186158057108e-01
9.299999999999999378e-01 6.871611098272107920e-01 9.185986759439500604e-01
9.850000000000000977e-01 7.536978510436319612e-01 9.729670844800515361e-01
1.040000000000000036e+00 8.443065300239229742e-01 1.025496236976366271e+00
1.094999999999999973e+00 8.110015202410337798e-01 1.080600347928382998e+00
1.149999999999999911e+00 7.743623455623878105e-01 1.135299822551646187e+00
1.205000000000000071e+00 9.481419510632053127e-01 1.189263594758994902e+00
1.260000000000000009e+00 1.083120670579336808e+00 1.243926284261462234e+00
1.314999999999999947e+00 1.044099949546578809e+00 1.298184337435177138e+00
1.370000000000000107e+00 1.122178030786773251e+00 1.353178093024806738e+00
1.425000000000000044e+00 1.179664895857568396e+00 1.408539699822392910e+00
1.479999999999999982e+00 1.198240957419642205e+00 1.463790951257592843e+00
1.535000000000000142e+00 1.183182256626718720e+00 1.518232930035286143e+00
1.589999999999999858e+00 1.350293532336022562e+00 1.570210305719664579e+00
1.645000000000000018e+00 1.269320956296215330e+00 1.626785821503510920e+00
1.700000000000000178e+00 1.396752005828545196e+00 1.680050676415740352e+00
1.754999999999999893e+00 1.439400005154488849e+00 1.735559423696509507e+00
1.810000000000000053e+00 1.451014623527619785e+00 1.793348848466615131e+00
1.865000000000000213e+00 1.384697717359271385e+00 1.848342604056244509e+00
1.919999999999999929e+00 1.679093485902190652e+00 1.902490301867571620e+00
1.975000000000000089e+00 1.719176743000629060e+00 1.958403685477094092e+00
2.029999999999999805e+00 1.707415567928783906e+00 2.009424648020784243e+00
2.084999999999999964e+00 1.823525112485412825e+00 2.064124122644048320e+00
2.140000000000000124e+00 1.653262867753744869e+00 2.116984341227523991e+00
2.194999999999999840e+00 1.920252533637037518e+00 2.173375931407391271e+00
2.250000000000000000e+00 1.906073173036401780e+00 2.228038620909858825e+00
2.305000000000000160e+00 2.034163727712947178e+00 2.282186318721186158e+00
2.359999999999999876e+00 2.021340016575421394e+00 2.336260446290922221e+00
2.415000000000000036e+00 2.125468551012133389e+00 2.390261003619066127e+00
2.470000000000000195e+00 2.107405437895560674e+00 2.445291544329490918e+00
2.524999999999999911e+00 2.244179476970945775e+00 2.500763506489465104e+00
2.580000000000000071e+00 2.097549499907005011e+00 2.554285857247264868e+00
2.635000000000000231e+00 2.260264074654871003e+00 2.610088885494401101e+00
2.689999999999999947e+00 2.324236073643787037e+00 2.663390525527425723e+00
2.745000000000000107e+00 2.464270999265571138e+00 2.721069594935144664e+00
2.799999999999999822e+00 2.401251618818300404e+00 2.774003383760211605e+00
2.854999999999999982e+00 2.505050400682903966e+00 2.827746445242786955e+00
2.910000000000000142e+00 2.624897141056754979e+00 2.883623043731514013e+00
2.964999999999999858e+00 2.591152461177721911e+00 2.925925932646613159e+00
3.020000000000000018e+00 2.600532089895455368e+00 2.926220213612978682e+00
3.075000000000000178e+00 2.557078028726580854e+00 2.926367354096161666e+00
3.129999999999999893e+00 2.561951038958841576e+00 2.928500891102314707e+00
3.185000000000000053e+00 2.639039862482711829e+00 2.926771990424914094e+00
3.240000000000000213e+00 2.694768047168933478e+00 2.927691618444807631e+00
3.294999999999999929e+00 2.563233410072593976e+00 2.925558081438654590e+00
3.350000000000000089e+00 2.596098749759339075e+00 2.926992701149689680e+00
3.404999999999999805e+00 2.473247597061839720e+00 2.925447726076268573e+00
3.459999999999999964e+00 2.659594439477432015e+00 2.927029486270485314e+00
3.514999999999999680e+00 2.663258356945296779e+00 2.925521296317859843e+00
3.570000000000000284e+00 2.673004377409817778e+00 2.925410940955472050e+00
3.625000000000000000e+00 2.654098563275636646e+00 2.928316965498336533e+00
3.679999999999999716e+00 2.519559513855647914e+00 2.928979097672658849e+00
3.735000000000000320e+00 2.600861842467562468e+00 2.932289758544275315e+00
3.790000000000000036e+00 2.572722956314363429e+00 2.933246171684964931e+00
3.844999999999999751e+00 2.427668463761603501e+00 2.935931485503054272e+00
3.900000000000000355e+00 2.346256217625653395e+00 2.943251724541405601e+00
3.955000000000000071e+00 2.310569661488652393e+00 2.947886649761669808e+00
4.009999999999999787e+00 2.220876961875326128e+00 2.951785872566016877e+00
4.065000000000000391e+00 2.178485436772133799e+00 2.956751863873441799e+00
4.120000000000000107e+00 2.120229149033086902e+00 2.961423574214500753e+00
4.174999999999999822e+00 2.085238737214980542e+00 2.968854168615240319e+00
4.230000000000000426e+00 1.978765295598835294e+00 2.974004085526643859e+00
4.285000000000000142e+00 1.886141462011218461e+00 2.981839316256136296e+00
4.339999999999999858e+00 1.728409815019647855e+00 2.987099588529926741e+00
4.395000000000000462e+00 1.619921218796177342e+00 2.995780877037720114e+00
4.450000000000000178e+00 1.662898970694228984e+00 3.002475769022545649e+00
4.504999999999999893e+00 1.462849076948822491e+00 3.009501727094531454e+00
4.559999999999999609e+00 1.263531966696989084e+00 3.013437735019674601e+00
4.615000000000000213e+00 1.343588563369830124e+00 3.023112221788953669e+00
4.669999999999999929e+00 1.306876110341827379e+00 3.029991039377757822e+00
4.724999999999999645e+00 1.215937678789428045e+00 3.038819468368735066e+00
4.780000000000000249e+00 1.088433350907740182e+00 3.044153310884116781e+00
4.834999999999999964e+00 9.933546926166543223e-01 3.050038930211435240e+00
4.889999999999999680e+00 9.607458271526595484e-01 3.058242012148884914e+00
4.945000000000000284e+00 8.809457047025689436e-01 3.068468275730100725e+00
5.000000000000000000e+00 7.221148824706390412e-01 3.080349869747124547e+00
