-5.000000000000000000e-01 -3.342153857771749254e-02 -4.943856291670864489e-02
-4.450000000000000067e-01 -3.397112619789718208e-02 -3.402559730329414445e-02
-3.900000000000000133e-01 -3.221244581332217971e-02 -2.420397005083192027e-02
-3.349999999999999645e-01 -3.448407464339822703e-02 -2.225435864865777172e-02
-2.800000000000000266e-01 -3.448407464339822703e-02 -2.107723478319413479e-02
-2.249999999999999778e-01 -3.224908498800082429e-02 -2.221757352786203621e-02
-1.699999999999999845e-01 -3.470390969147010146e-02 -2.214400328627055825e-02
-1.149999999999999911e-01 -3.400776537257582666e-02 -2.214400328627055478e-02
-5.999999999999999778e-02 -3.455735299275551620e-02 -2.210721816547481927e-02
-5.000000000000004441e-03 -3.408104372193312276e-02 -2.324755691014271028e-02
5.000000000000004441e-02 -2.642345621409613807e-02 2.523523229864083062e-02
1.049999999999999822e-01 -9.422879163204448544e-03 7.838973184848319065e-02
1.600000000000000311e-01 7.614337062365880357e-03 1.333099171965209939e-01
2.149999999999999689e-01 2.747276973819194265e-02 1.866851274711378017e-01
2.700000000000000178e-01 4.582899625219351292e-02 2.443641968788560215e-01
3.249999999999999556e-01 6.759266601130917151e-02 2.992108119853023052e-01
3.800000000000000044e-01 8.800068630731490427e-02 3.536160056421998044e-01
4.350000000000000533e-01 1.079323973324982783e-01 4.073958522455696785e-01
4.899999999999999911e-01 1.316379433495821760e-01 4.633460209758882842e-01
5.449999999999999289e-01 1.532550564099831869e-01 5.184501319279047893e-01
6.000000000000000888e-01 1.753118395665279883e-01 5.732231767927595811e-01
6.550000000000000266e-01 1.976617361205019741e-01 6.267087424297635989e-01
7.099999999999999645e-01 2.180331172418290553e-01 6.822910599521250230e-01
7.649999999999999023e-01 2.420317766563421513e-01 7.400436996014345681e-01
8.200000000000000622e-01 2.648213433064598443e-01 7.946328188623106303e-01
8.750000000000000000e-01 2.871346006857552480e-01 8.501047810222842616e-01
9.299999999999999378e-01 3.117561260698052950e-01 9.026707186393952975e-01
9.850000000000000977e-01 3.353883937375317092e-01 9.609383499798449524e-01
1.040000000000000036e+00 3.555033006361084102e-01 1.014129634650483114e+00
1.094999999999999973e+00 3.787691765570486702e-01 1.068277332461810225e+00
1.149999999999999911e+00 4.018884957792741019e-01 1.122572170756320542e+00
1.205000000000000071e+00 4.236155263637110813e-01 1.178154488278681855e+00
1.260000000000000009e+00 4.470645981580445016e-01 1.233920731405021565e+00
1.314999999999999947e+00 4.715762060180584969e-01 1.288620206028284754e+00
1.370000000000000107e+00 4.938161850479965698e-01 1.344239308671441702e+00
1.425000000000000044e+00 5.149936280122540122e-01 1.398975568415500748e+00
1.479999999999999982e+00 5.411539987328070067e-01 1.455220018112185265e+00
1.535000000000000142e+00 5.653358540207134020e-01 1.510360914184997405e+00
1.589999999999999858e+00 5.875758330506514193e-01 1.564398256633938500e+00
1.645000000000000018e+00 6.063717296607966656e-01 1.615456004298422732e+00
1.700000000000000178e+00 6.349502859101404662e-01 1.672178660565452279e+00
1.754999999999999893e+00 6.592420587220826356e-01 1.728275969778953369e+00
1.810000000000000053e+00 6.848894809971346476e-01 1.784593989717228935e+00
1.865000000000000213e+00 7.058837280879988185e-01 1.837564563663092843e+00
1.919999999999999929e+00 7.336195833197339811e-01 1.895170062829219404e+00
1.975000000000000089e+00 7.531482634234522022e-01 1.950862735713967844e+00
2.029999999999999805e+00 7.792719949693266424e-01 2.004679367438133575e+00
2.084999999999999964e+00 8.009990255537633441e-01 2.060335255202086380e+00
2.140000000000000124e+00 8.248877674442407493e-01 2.113563324993520176e+00
2.194999999999999840e+00 8.471277464741785446e-01 2.166202832852222482e+00
2.250000000000000000e+00 8.735079522428037535e-01 2.221417299166625892e+00
2.305000000000000160e+00 8.926702405997355427e-01 2.278066385192063503e+00
2.359999999999999876e+00 9.157895598219608635e-01 2.330411612084399842e+00
2.415000000000000036e+00 9.374799512317193440e-01 2.388237821975300879e+00
2.470000000000000195e+00 9.641899095724523194e-01 2.446284742590976613e+00
2.524999999999999911e+00 9.828026103092044607e-01 2.499255316536839633e+00
2.580000000000000071e+00 1.010391908842225073e+00 2.552814452415435476e+00
2.635000000000000231e+00 1.032338774474733434e+00 2.609610678924056071e+00
2.689999999999999947e+00 1.056410712238603944e+00 2.663316955285834897e+00
2.745000000000000107e+00 1.081215433496047096e+00 2.720370677640025825e+00
2.799999999999999822e+00 1.102649350683055252e+00 2.773083755740318956e+00
2.854999999999999982e+00 1.125219082285100924e+00 2.828923569108250380e+00
2.910000000000000142e+00 1.133829288334582408e+00 2.851914269605585694e+00
2.964999999999999858e+00 1.139654917108487320e+00 2.854121376853330005e+00
3.020000000000000018e+00 1.136577226435480981e+00 2.852282120813543820e+00
3.075000000000000178e+00 1.135881082116586560e+00 2.851031426706489125e+00
3.129999999999999893e+00 1.135624607893836124e+00 2.854158161974127417e+00
3.185000000000000053e+00 1.135001741924299257e+00 2.851951054726383106e+00
3.240000000000000213e+00 1.133243061539723984e+00 2.850957856464897855e+00
3.294999999999999929e+00 1.135697886243193455e+00 2.853606385162190673e+00
3.350000000000000089e+00 1.134232319256047505e+00 2.852282120813543820e+00
3.404999999999999805e+00 1.135661247068515012e+00 2.854783509027654098e+00
3.459999999999999964e+00 1.132217164648722241e+00 2.852760327383888850e+00
3.514999999999999680e+00 1.130421845089468302e+00 2.850773930860918792e+00
3.570000000000000284e+00 1.127857102861963057e+00 2.855077789994020954e+00
3.625000000000000000e+00 1.115363144296545039e+00 2.858351665744840897e+00
3.679999999999999716e+00 1.095871103367505484e+00 2.860043781301444987e+00
3.735000000000000320e+00 1.076452340787823259e+00 2.859896640818262004e+00
3.790000000000000036e+00 1.056227516365210839e+00 2.869423987104357199e+00
3.844999999999999751e+00 1.029627475548513749e+00 2.870306830003455989e+00
3.900000000000000355e+00 1.001122197648527168e+00 2.877038507109075827e+00
3.955000000000000071e+00 9.715910228575387331e-01 2.885094448563342517e+00
4.009999999999999787e+00 9.378463429785056649e-01 2.886161217066420370e+00
4.065000000000000391e+00 9.014636425226104643e-01 2.893518241225567333e+00
4.120000000000000107e+00 8.685983028358652547e-01 2.900801695143123027e+00
4.174999999999999822e+00 8.370153342628724458e-01 2.904884843551450047e+00
4.230000000000000426e+00 8.018783657460510916e-01 2.913271851092878784e+00
4.285000000000000142e+00 7.595601189922148722e-01 2.920261024044069842e+00
4.339999999999999858e+00 7.194035835444191340e-01 2.927470907720033821e+00
4.395000000000000462e+00 6.863916871589593738e-01 2.934092229463266754e+00
4.450000000000000178e+00 6.481403887944527931e-01 2.945458831789149912e+00
4.504999999999999893e+00 6.076541007745491774e-01 2.951418021358060528e+00
4.559999999999999609e+00 5.731766374019434673e-01 2.956678293631850529e+00
4.615000000000000213e+00 5.329468236047903984e-01 2.964844590448505457e+00
4.669999999999999929e+00 4.948420819389985903e-01 2.974040870647439494e+00
4.724999999999999645e+00 4.567739794478856141e-01 2.979227572679638225e+00
4.780000000000000249e+00 4.218202068044574204e-01 2.990373464280746685e+00
4.834999999999999964e+00 3.790256507797991059e-01 3.001519355881856033e+00
4.889999999999999680e+00 3.440352389616921358e-01 3.006374991826893162e+00
4.945000000000000284e+00 3.121591569912703923e-01 3.020059056762908423e+00
5.000000000000000000e+00 2.702439411588994922e-01 3.029733543532187934e+00
