-5.000000000000000000e-01 7.174666966222128899e-03 -2.957459768700976960e-02
-4.450000000000000067e-01 -1.678735327361226964e-02 -1.254308675858276795e-02
-3.900000000000000133e-01 -5.364636300033001626e-02 -2.280038056571682525e-03
-3.349999999999999645e-01 2.069452242264245914e-02 -1.213269553495261452e-03
-2.800000000000000266e-01 -2.177028102990811315e-02 6.259864862916713528e-04
-2.249999999999999778e-01 3.047718206184090936e-02 -5.143522583762271359e-04
-1.699999999999999845e-01 -1.162122964392320150e-02 -1.250054674290999998e-03
-1.149999999999999911e-01 -4.023642506794563450e-02 -1.832861712145789795e-04
-5.999999999999999778e-02 2.864522332790861089e-02 -2.758244626916284917e-03
-5.000000000000004441e-03 -3.499702308889927199e-02 -3.567517284422534653e-03
5.000000000000004441e-02 2.882841920130183727e-02 4.495205704515674999e-02
1.049999999999999822e-01 4.392375916890393223e-02 9.983545727239885592e-02
1.600000000000000311e-01 2.128074921750079326e-02 1.534313782717900698e-01
2.149999999999999689e-01 7.198936697274666008e-02 2.088297701901724868e-01
2.700000000000000178e-01 8.320095442441229061e-02 2.648902942828781915e-01
3.249999999999999556e-01 9.789326347054930211e-02 3.184126450406778996e-01
3.800000000000000044e-01 8.114916064240813853e-02 3.734431857511029129e-01
4.350000000000000533e-01 9.093182028160656794e-02 4.267448257841282566e-01
4.899999999999999911e-01 9.393623260525554852e-02 4.808557384746597885e-01
5.449999999999999289e-01 6.063122282236646510e-02 5.369530476881613223e-01
6.000000000000000888e-01 1.920193032199905558e-01 5.883786465606039018e-01
6.550000000000000266e-01 2.109617565288504359e-01 6.444023855325138328e-01
7.099999999999999645e-01 2.359130344850083050e-01 6.989915047933902281e-01
7.649999999999999023e-01 2.669097762631427173e-01 7.542795413493853518e-01
8.200000000000000622e-01 2.186926223860447549e-01 8.129885941393841797e-01
8.750000000000000000e-01 2.612307041879525227e-01 8.635681352335247141e-01
9.299999999999999378e-01 3.094478580650504851e-01 9.185618908231543145e-01
9.850000000000000977e-01 2.428011993245937084e-01 9.738131422583536922e-01
1.040000000000000036e+00 3.577382902915059448e-01 1.029910451471855115e+00
1.094999999999999973e+00 3.304421051559147116e-01 1.082917810538514436e+00
1.149999999999999911e+00 3.478090739535927844e-01 1.139272615597585858e+00
1.205000000000000071e+00 3.677407849787762140e-01 1.192390330026632750e+00
1.260000000000000009e+00 4.370987426454527869e-01 1.245839110542840800e+00
1.314999999999999947e+00 4.478706600009745853e-01 1.302120345360320952e+00
1.370000000000000107e+00 3.783295064609048519e-01 1.354502357373452925e+00
1.425000000000000044e+00 4.791971543512169029e-01 1.407730427164886722e+00
1.479999999999999982e+00 3.642600633843047775e-01 1.463423100049635162e+00
1.535000000000000142e+00 4.774751131413205174e-01 1.521065384336557136e+00
1.589999999999999858e+00 5.388457307280523079e-01 1.572049561759451430e+00
1.645000000000000018e+00 5.255457103197038737e-01 1.628588292422501915e+00
1.700000000000000178e+00 5.509366583720053390e-01 1.685936295743058366e+00
1.754999999999999893e+00 5.253625144463106578e-01 1.740672555487116968e+00
1.810000000000000053e+00 5.674242869773961084e-01 1.795114534264810269e+00
1.865000000000000213e+00 4.957214221312861713e-01 1.850439355941601693e+00
1.919999999999999929e+00 6.595351721195118477e-01 1.907750574141362065e+00
1.975000000000000089e+00 6.560178113503619679e-01 1.959360098617783486e+00
2.029999999999999805e+00 6.702704503003551473e-01 2.012220317201260045e+00
2.084999999999999964e+00 6.727985533531815054e-01 2.069678675884203845e+00
2.140000000000000124e+00 6.833872748353104765e-01 2.124746001715424715e+00
2.194999999999999840e+00 7.362209647219177810e-01 2.176098030346276690e+00
2.250000000000000000e+00 7.816535413234386720e-01 2.232599975888530874e+00
2.305000000000000160e+00 8.019882832700869768e-01 2.287851227323729919e+00
2.359999999999999876e+00 8.256571901124921675e-01 2.340711445907206922e+00
2.415000000000000036e+00 8.184759118754778573e-01 2.396330548550363204e+00
2.470000000000000195e+00 7.998998503134042704e-01 2.451397874381583186e+00
2.524999999999999911e+00 8.420715403685258282e-01 2.504294878085856269e+00
2.580000000000000071e+00 8.875773953194037169e-01 2.559398989037873218e+00
2.635000000000000231e+00 9.146903845816016787e-01 2.614834166077051325e+00
2.689999999999999947e+00 8.588522823713453658e-01 2.666737971519838268e+00
2.745000000000000107e+00 9.187206937962526521e-01 2.724159545081986877e+00
2.799999999999999822e+00 9.850375999646018288e-01 2.775989780283182107e+00
2.854999999999999982e+00 9.930249400445465557e-01 2.830726040027242263e+00
2.910000000000000142e+00 8.797732511128524280e-01 2.867253664977410299e+00
2.964999999999999858e+00 9.967621358617684280e-01 2.865120127971257258e+00
3.020000000000000018e+00 1.004199888321533507e+00 2.863759078501813882e+00
3.075000000000000178e+00 1.001964898666136028e+00 2.864200499951363277e+00
3.129999999999999893e+00 9.586940333706553963e-01 2.862581954636350456e+00
3.185000000000000053e+00 1.003906774924104406e+00 2.862986590965104217e+00
3.240000000000000213e+00 9.798348371602338958e-01 2.863722293381019579e+00
3.294999999999999929e+00 1.003210630605210207e+00 2.863244086810674549e+00
3.350000000000000089e+00 1.002917517207780884e+00 2.864237285072159356e+00
3.404999999999999805e+00 1.012590259322943442e+00 2.863538367777040516e+00
3.459999999999999964e+00 1.002770960509066445e+00 2.864274070192955435e+00
3.514999999999999680e+00 9.376631471051123379e-01 2.864715491642503942e+00
3.570000000000000284e+00 9.349518481788927637e-01 2.866113326232742065e+00
3.625000000000000000e+00 8.824479108643932257e-01 2.867143309615022506e+00
3.679999999999999716e+00 9.191603638923963038e-01 2.868945780534013057e+00
3.735000000000000320e+00 9.599397653097294647e-01 2.873948556962234058e+00
3.790000000000000036e+00 8.838768386768607321e-01 2.873985342083029249e+00
3.844999999999999751e+00 8.830707768339302044e-01 2.880496308463875277e+00
3.900000000000000355e+00 8.543090247111932989e-01 2.884064465181062076e+00
3.955000000000000071e+00 8.583026947511657179e-01 2.889398307696444235e+00
4.009999999999999787e+00 8.538327154403710928e-01 2.893518241225567333e+00
4.065000000000000391e+00 8.079604687427063281e-01 2.897858885479463797e+00
4.120000000000000107e+00 7.635537890321876242e-01 2.903450223840416733e+00
4.174999999999999822e+00 7.597066756909296448e-01 2.910512967033198173e+00
4.230000000000000426e+00 6.588756669752964257e-01 2.915662883944601713e+00
4.285000000000000142e+00 6.357563477530706608e-01 2.920408164527252382e+00
4.339999999999999858e+00 6.380646157578253597e-01 2.928868742310272832e+00
4.395000000000000462e+00 6.146521831381706047e-01 2.935195783087138910e+00
4.450000000000000178e+00 5.977981627859935143e-01 2.943325294782996870e+00
4.504999999999999893e+00 5.521457511364008530e-01 2.948033790244852348e+00
4.559999999999999609e+00 4.886867005929861341e-01 2.955795450732753515e+00
4.615000000000000213e+00 4.708067833498070232e-01 2.963961747549406223e+00
4.669999999999999929e+00 3.870496300344224982e-01 2.970730209775823027e+00
4.724999999999999645e+00 4.126237739601174015e-01 2.979080432196454797e+00
4.780000000000000249e+00 3.839353001867375492e-01 2.983788927658310275e+00
4.834999999999999964e+00 3.549170738412500969e-01 2.994309472205891609e+00
4.889999999999999680e+00 1.951336330676754494e-01 3.001666496365039016e+00
4.945000000000000284e+00 2.855224769998948031e-01 3.010274214631240675e+00
5.000000000000000000e+00 2.765458792036266100e-01 3.021052255024393229e+00
