-5.000000000000000000e-01 -6.161992616804967161e-03 -4.097798513368874906e-02
-4.450000000000000067e-01 -2.975762110985290254e-02 -2.203364792388333784e-02
-3.900000000000000133e-01 -4.096421922575655458e-04 -1.173381410107651908e-02
-3.349999999999999645e-01 -1.151131211988726775e-02 -9.195640766170548597e-03
-2.800000000000000266e-01 2.237992445786016540e-02 -9.232425886966289311e-03
-2.249999999999999778e-01 -7.845108425777326533e-02 -1.000491342367680093e-02
-1.699999999999999845e-01 -1.162122964392319803e-02 -1.085097120197878878e-02
-1.149999999999999911e-01 -5.558823925829824153e-02 -9.342781249353504514e-03
-5.999999999999999778e-02 9.702770019048696098e-03 -9.894558061289583997e-03
-5.000000000000004441e-03 4.060337118537230179e-03 -9.195640766170550331e-03
5.000000000000004441e-02 3.450749127649194170e-02 3.685933047009425090e-02
1.049999999999999822e-01 1.204767719848203432e-02 9.325092064996158558e-02
1.600000000000000311e-01 1.569922522272050869e-01 1.443086683144468585e-01
2.149999999999999689e-01 2.184361481632942636e-01 1.989713578169145514e-01
2.700000000000000178e-01 2.888200027209729681e-01 2.580114766940750370e-01
3.249999999999999556e-01 2.370488489000462939e-01 3.087381582713986661e-01
3.800000000000000044e-01 3.793920425265855934e-01 3.662333020751382118e-01
4.350000000000000533e-01 4.465150105378647427e-01 4.197924379537336659e-01
4.899999999999999911e-01 5.352550916095449862e-01 4.749701191473416628e-01
5.449999999999999289e-01 6.126736677055238944e-01 5.308835027568644671e-01
6.000000000000000888e-01 6.453924506935545535e-01 5.862818946752468285e-01
6.550000000000000266e-01 6.957346767020141654e-01 6.407974436945316210e-01
7.099999999999999645e-01 7.951733967798589875e-01 6.955337034385903339e-01
7.649999999999999023e-01 8.347437054327964123e-01 7.487249881092286063e-01
8.200000000000000622e-01 8.175232933338328900e-01 8.049326526851173780e-01
8.750000000000000000e-01 9.355014357990724116e-01 8.603678297242954853e-01
9.299999999999999378e-01 1.004346445020248169e+00 9.148465936227845319e-01
9.850000000000000977e-01 1.069930567695024148e+00 9.700610599371882747e-01
1.040000000000000036e+00 1.184794380312579110e+00 1.023620195815783784e+00
1.094999999999999973e+00 1.233121451713712791e+00 1.079754290150080953e+00
1.149999999999999911e+00 1.290571677609829715e+00 1.134343409410956793e+00
1.205000000000000071e+00 1.360405944547328438e+00 1.188491107222284127e+00
1.260000000000000009e+00 1.390010397687674759e+00 1.243117011603956268e+00
1.314999999999999947e+00 1.479153509680820378e+00 1.296786502844939015e+00
1.370000000000000107e+00 1.427968582654751462e+00 1.354134506165495244e+00
1.425000000000000044e+00 1.598084270687704755e+00 1.409054691513532909e+00
1.479999999999999982e+00 1.625856765094118028e+00 1.461105637439503502e+00
1.535000000000000142e+00 1.678800372504760885e+00 1.519446839021545204e+00
1.589999999999999858e+00 1.723610083136745130e+00 1.572564553450591873e+00
1.645000000000000018e+00 1.731157753120546205e+00 1.627668664402608378e+00
1.700000000000000178e+00 1.880682224984099982e+00 1.683765973616109912e+00
1.754999999999999893e+00 1.908931028661335683e+00 1.740157563795977191e+00
1.810000000000000053e+00 1.960665543307584135e+00 1.791546377547624136e+00
1.865000000000000213e+00 2.040392387408317187e+00 1.847496546277942242e+00
1.919999999999999929e+00 2.071389129186451683e+00 1.902821367954733223e+00
1.975000000000000089e+00 2.125138798440025401e+00 1.956123007987758511e+00
2.029999999999999805e+00 2.104950613192090980e+00 2.012735308892400266e+00
2.084999999999999964e+00 2.244802342940482642e+00 2.069053328830675831e+00
2.140000000000000124e+00 2.260447270528264774e+00 2.122869960554842450e+00
2.194999999999999840e+00 2.338965021864602534e+00 2.178783344164364699e+00
2.250000000000000000e+00 2.408506175404672156e+00 2.232084984197390209e+00
2.305000000000000160e+00 2.419021618537443352e+00 2.286784458820653843e+00
2.359999999999999876e+00 2.447526896437430377e+00 2.292118301336036001e+00
2.415000000000000036e+00 2.474639885699627673e+00 2.294031127617413901e+00
2.470000000000000195e+00 2.439979226453628858e+00 2.296716441435503242e+00
2.524999999999999911e+00 2.481381493840498553e+00 2.297084292643460479e+00
2.580000000000000071e+00 2.478230524818135105e+00 2.293626491288661473e+00
2.635000000000000231e+00 2.454305143752979923e+00 2.295796813415609261e+00
2.689999999999999947e+00 2.441518071790132360e+00 2.295355391966060310e+00
2.745000000000000107e+00 2.388317990156738624e+00 2.294031127617414345e+00
2.799999999999999822e+00 2.448735989201825891e+00 2.294362193704575947e+00
2.854999999999999982e+00 2.386962340693628892e+00 2.295208251482877770e+00
2.910000000000000142e+00 2.397734258049150302e+00 2.294251838342189043e+00
2.964999999999999858e+00 2.420047515428445983e+00 2.296311805106749926e+00
3.020000000000000018e+00 2.407260443465597977e+00 2.298702837958473300e+00
3.075000000000000178e+00 2.417885804122405169e+00 2.301572077380540371e+00
3.129999999999999893e+00 2.393923783882570877e+00 2.306611638929556563e+00
3.185000000000000053e+00 2.353437495862667816e+00 2.314667580383824141e+00
3.240000000000000213e+00 2.281331600095092060e+00 2.321877464059788121e+00
3.294999999999999929e+00 2.226043085505015728e+00 2.331625521070658902e+00
3.350000000000000089e+00 2.216883291835354708e+00 2.342182850739036315e+00
3.404999999999999805e+00 2.150969416588470740e+00 2.352666610165821570e+00
3.459999999999999964e+00 2.100040963785152925e+00 2.362304311814305002e+00
3.514999999999999680e+00 1.983821501704488233e+00 2.370286683026980867e+00
3.570000000000000284e+00 1.936996636465178501e+00 2.379887599554667776e+00
3.625000000000000000e+00 1.895154698982165486e+00 2.393167028161929721e+00
3.679999999999999716e+00 1.816417112597755290e+00 2.404092209038264372e+00
3.735000000000000320e+00 1.682281094099232321e+00 2.419431604410087644e+00
3.790000000000000036e+00 1.666892640734201292e+00 2.428885380454592013e+00
3.844999999999999751e+00 1.577053384422161031e+00 2.441723387612304563e+00
3.900000000000000355e+00 1.529642292387993763e+00 2.456952427621740487e+00
3.955000000000000071e+00 1.405508768576741119e+00 2.470121500866614639e+00
4.009999999999999787e+00 1.332010584171378298e+00 2.481782384158863763e+00
4.065000000000000391e+00 1.305410543354681652e+00 2.494399680591802504e+00
4.120000000000000107e+00 1.227991967258702521e+00 2.510695489104314504e+00
4.174999999999999822e+00 1.141376958318383705e+00 2.521436744376670536e+00
4.230000000000000426e+00 1.069087866677415288e+00 2.535341520037459606e+00
4.285000000000000142e+00 9.833888371040627741e-01 2.552446601207477350e+00
4.339999999999999858e+00 8.732881171947319832e-01 2.565799600056331009e+00
4.395000000000000462e+00 7.616485519488979117e-01 2.581065425186562567e+00
4.450000000000000178e+00 7.261085525106113492e-01 2.597066952732709488e+00
4.504999999999999893e+00 6.427544301166918661e-01 2.612443133225328840e+00
4.559999999999999609e+00 5.748620394371611875e-01 2.629143578066593712e+00
4.615000000000000213e+00 4.887233397676647995e-01 2.645512956820697426e+00
4.669999999999999929e+00 4.245681449053558265e-01 2.662176616541166663e+00
4.724999999999999645e+00 3.692796303152792725e-01 2.682114152012457620e+00
4.780000000000000249e+00 2.918976933939791962e-01 2.700359571927143598e+00
4.834999999999999964e+00 2.300507665364249499e-01 2.720444247881617095e+00
4.889999999999999680e+00 1.709884169544478583e-01 2.742625675721447553e+00
4.945000000000000284e+00 5.960532593136436130e-02 2.764218541628545189e+00
5.000000000000000000e+00 5.415986581647127401e-03 2.788239225508163610e+00
