-5.000000000000000000e-01 -3.377415341227884421e-03 -3.233348174669016528e-02
-4.450000000000000067e-01 2.461491411325755774e-02 -1.758264830759895953e-02
-3.900000000000000133e-01 2.045182511211708371e-03 -4.008938733971398501e-03
-3.349999999999999645e-01 -8.653456494952886310e-03 2.949203991300233048e-04
-2.800000000000000266e-01 -3.230858642513297421e-03 -7.718481039463974966e-04
-2.249999999999999778e-01 2.065788324796380762e-02 -1.838616607022818461e-03
-1.699999999999999845e-01 1.981518223035495449e-02 -1.470765399065432138e-03
-1.149999999999999911e-01 -1.623776565343258357e-02 -3.457161922035319884e-03
-5.999999999999999778e-02 2.373557392097006349e-02 -1.581120761452647775e-03
-5.000000000000004441e-03 1.816641936981589281e-02 -1.985757090205773727e-03
5.000000000000004441e-02 2.155100035247647320e-03 4.598204042743744141e-02
1.049999999999999822e-01 9.006625700154423028e-03 9.814334171579484900e-02
1.600000000000000311e-01 -2.864466895726838162e-03 1.515921222320031347e-01
2.149999999999999689e-01 1.626118228652630518e-02 2.064387373384494462e-01
2.700000000000000178e-01 2.325926465014766312e-02 2.630142531222955382e-01
3.249999999999999556e-01 3.835460461774976154e-02 3.150284139274699413e-01
3.800000000000000044e-01 7.085355255770864336e-02 3.738846072006516974e-01
4.350000000000000533e-01 7.920728438443991326e-02 4.264137596969665989e-01
4.899999999999999911e-01 8.103924311837219785e-02 4.813707301658001758e-01
5.449999999999999289e-01 6.462489286233884245e-02 5.351137916483743595e-01
6.000000000000000888e-01 8.946625329446077080e-02 5.901443323587994838e-01
6.550000000000000266e-01 1.007511190954836766e-01 6.438873938413736120e-01
7.099999999999999645e-01 1.006045623967690844e-01 7.006836203499940963e-01
7.649999999999999023e-01 9.389959343057691088e-02 7.549416735237085563e-01
8.200000000000000622e-01 1.051478200569211791e-01 8.110757678580057251e-01
8.750000000000000000e-01 1.662253242462238545e-01 8.649291847029672020e-01
9.299999999999999378e-01 1.676908912333696933e-01 9.178261884072395071e-01
9.850000000000000977e-01 1.867066228915869042e-01 9.759834643853022573e-01
1.040000000000000036e+00 1.904438187088087764e-01 1.028475831760821135e+00
1.094999999999999973e+00 1.934848702071363669e-01 1.082402818847373993e+00
1.149999999999999911e+00 2.168606636521124009e-01 1.138205847094509560e+00
1.205000000000000071e+00 2.148455090447869420e-01 1.193493883650504683e+00
1.260000000000000009e+00 2.277058593569916689e-01 1.247089804649895939e+00
1.314999999999999947e+00 2.375984365202259974e-01 1.301789279273159350e+00
1.370000000000000107e+00 2.556615496367983797e-01 1.355274844910163479e+00
1.425000000000000044e+00 2.319193644450358860e-01 1.408245418856026943e+00
1.479999999999999982e+00 2.464284776177796399e-01 1.464305942948732842e+00
1.535000000000000142e+00 2.559546630342275919e-01 1.520219326558255535e+00
1.589999999999999858e+00 2.875376316072203453e-01 1.575654503597433864e+00
1.645000000000000018e+00 3.098142498118369725e-01 1.628919358509663073e+00
1.700000000000000178e+00 3.208426413901093732e-01 1.685421304051917701e+00
1.754999999999999893e+00 2.940227655253406791e-01 1.738722944084943212e+00
1.810000000000000053e+00 2.923373634901229590e-01 1.796512368855048614e+00
1.865000000000000213e+00 3.408109915899715237e-01 1.850181860096030917e+00
1.919999999999999929e+00 3.540377336489626270e-01 1.904292772786562837e+00
1.975000000000000089e+00 3.403346823191489845e-01 1.958845106926643265e+00
2.029999999999999805e+00 3.417269709569376035e-01 2.016045969764017176e+00
2.084999999999999964e+00 3.578482078155418300e-01 2.067692279361233787e+00
2.140000000000000124e+00 3.866832382876360108e-01 2.123899943937122892e+00
2.194999999999999840e+00 3.684735684723489668e-01 2.179886897788236855e+00
2.250000000000000000e+00 4.113414028463647787e-01 2.234659942653092202e+00
2.305000000000000160e+00 4.050394648016375498e-01 2.287704086840547379e+00
2.359999999999999876e+00 4.299174644084381436e-01 2.341263222719142334e+00
2.415000000000000036e+00 3.838620218373803294e-01 2.398059449227762929e+00
2.470000000000000195e+00 4.275359180543261695e-01 2.451508229743970979e+00
2.524999999999999911e+00 4.349003921647339732e-01 2.506869836541557373e+00
2.580000000000000071e+00 4.401031549691016842e-01 2.558883997346732553e+00
2.635000000000000231e+00 4.885035047195928626e-01 2.617703405499119285e+00
2.689999999999999947e+00 5.005577931888673948e-01 2.669938277029068274e+00
2.745000000000000107e+00 5.079589064739539195e-01 2.725998801121772619e+00
2.799999999999999822e+00 4.769988038704982003e-01 2.779042945309228685e+00
2.854999999999999982e+00 5.037820405605882845e-01 2.836722014716946294e+00
2.910000000000000142e+00 5.226878546947695270e-01 2.866628317923881841e+00
2.964999999999999858e+00 5.226145763454121962e-01 2.867253664977409411e+00
3.020000000000000018e+00 5.285867618180315475e-01 2.868320433480486376e+00
3.075000000000000178e+00 5.334231328756127155e-01 2.864752276763299133e+00
3.129999999999999893e+00 5.266448855600632806e-01 2.866076541111946430e+00
3.185000000000000053e+00 5.306019164253571452e-01 2.864421210676137974e+00
3.240000000000000213e+00 4.968938757210028534e-01 2.867989367393323885e+00
3.294999999999999929e+00 5.044415457048038176e-01 2.865929400628763446e+00
3.350000000000000089e+00 5.083252982207404624e-01 2.866885813769451730e+00
3.404999999999999805e+00 4.738844740228131958e-01 2.866113326232742509e+00
3.459999999999999964e+00 5.269746381321710471e-01 2.865929400628763890e+00
3.514999999999999680e+00 5.266448855600632806e-01 2.866554747682289683e+00
3.570000000000000284e+00 4.934864324758887477e-01 2.866922598890247365e+00
3.625000000000000000e+00 5.263151329879554030e-01 2.870306830003456433e+00
3.679999999999999716e+00 5.210024526595519179e-01 2.871851805076877096e+00
3.735000000000000320e+00 4.958313396553220009e-01 2.878583482182497377e+00
3.790000000000000036e+00 4.693045771879824635e-01 2.881084870396607212e+00
3.844999999999999751e+00 4.634423092393991639e-01 2.884836952717772629e+00
3.900000000000000355e+00 4.568472577972428894e-01 2.891495059581801197e+00
3.955000000000000071e+00 4.392238147768142142e-01 2.893922877554320205e+00
4.009999999999999787e+00 3.865733207636001811e-01 2.897491034271507448e+00
4.065000000000000391e+00 4.319692581904422957e-01 2.906540173987258502e+00
4.120000000000000107e+00 4.196218563237387178e-01 2.911910801623437184e+00
4.174999999999999822e+00 4.092163307150032403e-01 2.917943561433937294e+00
4.230000000000000426e+00 3.897609289606422944e-01 2.925889147525816636e+00
4.285000000000000142e+00 3.787325373823698382e-01 2.931002279316424541e+00
4.339999999999999858e+00 3.272178577841937108e-01 2.938028237388410346e+00
4.395000000000000462e+00 3.142109507732744889e-01 2.946709525896204163e+00
4.450000000000000178e+00 2.998850334739239787e-01 2.954802252471267821e+00
4.504999999999999893e+00 3.019734664306067962e-01 2.962159276630414784e+00
4.559999999999999609e+00 2.816753636586370457e-01 2.972643036057200927e+00
4.615000000000000213e+00 2.762894049808760633e-01 2.976247977895182917e+00
4.669999999999999929e+00 2.105587256073853386e-01 2.984009638383083196e+00
4.724999999999999645e+00 1.927520867135634752e-01 2.991734513750189173e+00
4.780000000000000249e+00 1.961961691333561908e-01 3.003505752404826090e+00
4.834999999999999964e+00 1.978815711685739109e-01 3.013253809415695983e+00
4.889999999999999680e+00 1.869630971143374509e-01 3.022155808648264497e+00
4.945000000000000284e+00 1.324073660178337053e-01 3.029623188169799697e+00
5.000000000000000000e+00 1.214156136142399284e-01 3.040621939287725617e+00
