-5.000000000000000000e-01 1.105841948215859072e-02 -3.060458106929044367e-02
-4.450000000000000067e-01 1.871600698999558235e-02 -1.765621854919044095e-02
-3.900000000000000133e-01 -5.295021868143574145e-02 -3.530732163626796975e-03
-3.349999999999999645e-01 1.065538856069348818e-02 -1.728261244635602390e-03
-2.800000000000000266e-01 3.908738811132268093e-02 -3.304266543975338663e-04
-2.249999999999999778e-01 -2.351518450225795805e-03 -1.139699311903784144e-03
-1.699999999999999845e-01 -7.764502241484305678e-02 -2.059327331797250384e-03
-1.149999999999999911e-01 2.608048110040339998e-02 -9.189885871293521124e-04
-5.999999999999999778e-02 2.509122338407996158e-02 6.394327641141887465e-07
-5.000000000000004441e-03 -6.163370308027481953e-02 -1.102914191108045382e-03
5.000000000000004441e-02 5.319347036260134443e-02 4.366457781730590654e-02
1.049999999999999822e-01 1.119993457218279587e-01 9.707657321271842554e-02
1.600000000000000311e-01 3.349487236413881686e-01 1.525117502518965884e-01
2.149999999999999689e-01 4.174967841923772349e-01 2.078365719286875690e-01
2.700000000000000178e-01 5.456239780436018538e-01 2.644120877125336055e-01
3.249999999999999556e-01 7.466264903306532030e-01 3.198104796309159115e-01
3.800000000000000044e-01 7.875158092720220271e-01 3.730385494223498188e-01
4.350000000000000533e-01 1.015081723201091357e+00 4.272966025960643344e-01
4.899999999999999911e-01 1.178455803093173326e+00 4.837617630175233274e-01
5.449999999999999289e-01 1.293282976536049622e+00 5.379094608288506052e-01
6.000000000000000888e-01 1.436029201084053408e+00 5.928664312976841266e-01
6.550000000000000266e-01 1.585993343043751391e+00 6.476026910417430615e-01
7.099999999999999645e-01 1.736323876750235140e+00 6.991018601557774659e-01
7.649999999999999023e-01 1.903068760712752550e+00 7.533966984502876718e-01
8.200000000000000622e-01 1.997084882938157779e+00 8.113700488243716924e-01
8.750000000000000000e-01 2.118433829473832741e+00 8.687180521449283654e-01
9.299999999999999378e-01 2.310423104789937288e+00 9.206218575877154198e-01
9.850000000000000977e-01 2.456320298360304744e+00 9.761673899892807649e-01
1.040000000000000036e+00 2.596245306458053737e+00 1.031308286062093016e+00
1.094999999999999973e+00 2.691873552369319800e+00 1.085750264839786317e+00
1.149999999999999911e+00 2.828207921348560916e+00 1.139272615597585858e+00
1.205000000000000071e+00 2.979967382867511727e+00 1.193935305100053856e+00
1.260000000000000009e+00 3.071492041214769930e+00 1.246869093925121685e+00
1.314999999999999947e+00 3.267181873173417461e+00 1.300465014924512719e+00
1.370000000000000107e+00 3.327270119646395852e+00 1.358364795057006136e+00
1.425000000000000044e+00 3.477087704907378729e+00 1.412696418472311422e+00
1.479999999999999982e+00 3.614997558397802013e+00 1.466218769230111629e+00
1.535000000000000142e+00 3.710149495038245426e+00 1.524376045208174046e+00
1.589999999999999858e+00 3.797827040044245539e+00 1.574072743403217123e+00
1.645000000000000018e+00 4.024513613781027566e+00 1.629471135321599151e+00
1.700000000000000178e+00 4.168688766141499968e+00 1.687150204729317871e+00
1.754999999999999893e+00 4.275455321155072319e+00 1.742327885922925867e+00
1.810000000000000053e+00 4.406843401552697159e+00 1.799087327310750384e+00
1.865000000000000213e+00 4.439928576287513806e+00 1.852683248310141195e+00
1.919999999999999929e+00 4.566663481500950361e+00 1.905543466893617754e+00
1.975000000000000089e+00 4.744949705487241154e+00 1.962523619006217412e+00
2.029999999999999805e+00 4.867874136534098284e+00 2.018142721649374138e+00
2.084999999999999964e+00 4.952070959945625184e+00 2.070819014628871635e+00
2.140000000000000124e+00 4.967166299913227334e+00 2.124782786836220350e+00
2.194999999999999840e+00 4.967972361756158861e+00 2.181247947257679343e+00
2.250000000000000000e+00 4.963355825746648797e+00 2.232121769318185400e+00
2.305000000000000160e+00 4.963319186571969688e+00 2.289469772638742295e+00
2.359999999999999876e+00 4.966653351467727795e+00 2.315991844732470106e+00
2.415000000000000036e+00 4.966067124672869149e+00 2.316138985215652646e+00
2.470000000000000195e+00 4.964821392733795413e+00 2.315329712558146902e+00
2.524999999999999911e+00 4.965590815402046942e+00 2.316286125698836074e+00
2.580000000000000071e+00 4.968118918454872635e+00 2.313159390431198226e+00
2.635000000000000231e+00 4.965774011275439825e+00 2.315991844732469662e+00
2.689999999999999947e+00 4.966506794769012245e+00 2.316617191785997676e+00
2.745000000000000107e+00 4.966140403022226479e+00 2.314998646470984855e+00
2.799999999999999822e+00 4.964198526764257657e+00 2.317389679322708229e+00
2.854999999999999982e+00 4.964051970065542996e+00 2.317058613235546183e+00
2.910000000000000142e+00 4.965590815402046942e+00 2.316543621544406406e+00
2.964999999999999858e+00 4.965370980353974950e+00 2.317536819805891213e+00
3.020000000000000018e+00 4.965407619528653171e+00 2.320111778261593205e+00
3.075000000000000178e+00 4.966103763847547370e+00 2.323790290341166909e+00
3.129999999999999893e+00 4.965957207148832708e+00 2.328278075078246800e+00
3.185000000000000053e+00 4.966286959720940253e+00 2.333759058076811943e+00
3.240000000000000213e+00 4.965334341179295841e+00 2.342035710255852443e+00
3.294999999999999929e+00 4.965480897878010502e+00 2.347222412288052507e+00
3.350000000000000089e+00 4.958372897990353856e+00 2.356455477607782623e+00
3.404999999999999805e+00 4.793643168635161267e+00 2.366865666792976608e+00
3.459999999999999964e+00 4.647416222492685378e+00 2.377312641098966228e+00
3.514999999999999680e+00 4.548343894161627432e+00 2.386766417143471486e+00
3.570000000000000284e+00 4.378374762827388800e+00 2.397103036087073757e+00
3.625000000000000000e+00 4.235078950659205255e+00 2.409131770587280563e+00
3.679999999999999716e+00 3.979007758830149566e+00 2.420719083637938418e+00
3.735000000000000320e+00 3.876857739826083726e+00 2.432821388379736050e+00
3.790000000000000036e+00 3.750599143883469822e+00 2.441429106645939040e+00
3.844999999999999751e+00 3.539557497734469926e+00 2.459159534869485242e+00
3.900000000000000355e+00 3.411320386359210310e+00 2.470047930625023369e+00
3.955000000000000071e+00 3.244941894143479111e+00 2.482959508024327633e+00
4.009999999999999787e+00 3.049288701359509357e+00 2.495723944940448913e+00
4.065000000000000391e+00 2.892766147132334265e+00 2.507973390165429972e+00
4.120000000000000107e+00 2.641494687186181523e+00 2.522761008725316945e+00
4.174999999999999822e+00 2.440089143977664854e+00 2.536628999265310380e+00
4.230000000000000426e+00 2.368056526559446873e+00 2.552483386328273873e+00
4.285000000000000142e+00 2.116052283119720823e+00 2.565247823244394709e+00
4.339999999999999858e+00 1.960335790735476147e+00 2.580513648374626712e+00
4.395000000000000462e+00 1.819714638318833400e+00 2.593351655532339706e+00
4.450000000000000178e+00 1.591012909974725886e+00 2.608543910420979106e+00
4.504999999999999893e+00 1.393674315155539079e+00 2.624655793329512932e+00
4.559999999999999609e+00 1.272838317065364988e+00 2.643857626384888526e+00
4.615000000000000213e+00 1.084366402518410766e+00 2.658424534220001689e+00
4.669999999999999929e+00 8.255839117631350588e-01 2.675750326114794575e+00
4.724999999999999645e+00 7.104269857481509964e-01 2.699403158786453982e+00
4.780000000000000249e+00 5.804311939883153304e-01 2.714227562467136590e+00
4.834999999999999964e+00 4.313097530462267626e-01 2.734496164025588705e+00
4.889999999999999680e+00 2.957814459099156190e-01 2.756420096019848831e+00
4.945000000000000284e+00 8.767093373520710997e-02 2.782059325214479184e+00
5.000000000000000000e+00 4.341081072340290115e-02 2.807367488321947047e+00
