-5.000000000000000000e-01 6.038852551184107839e-03 -3.998478687220380356e-02
-4.450000000000000067e-01 -1.015566265677736620e-02 -1.920119362261146420e-02
-3.900000000000000133e-01 1.010580094051380037e-02 -9.342781249353504514e-03
-3.349999999999999645e-01 -2.825541494802842959e-02 -8.496723471051516666e-03
-2.800000000000000266e-01 2.058460489860651846e-02 -8.018516900706913406e-03
-2.249999999999999778e-01 -1.627440482811122469e-02 -6.731037672856059542e-03
-1.699999999999999845e-01 -7.261167857164342772e-03 -7.025318639221968774e-03
-1.149999999999999911e-01 -1.524850793710914171e-02 -7.944946659115435447e-03
-5.999999999999999778e-02 -3.723201274429666086e-02 -8.570293712642991155e-03
-5.000000000000004441e-03 -2.191683772862269494e-02 -8.092087142298389629e-03
5.000000000000004441e-02 -5.720036294415865863e-02 3.928714844261300271e-02
1.049999999999999822e-01 2.439507906518569025e-02 9.306699504598291151e-02
1.600000000000000311e-01 8.576569665191750846e-02 1.482814613603866127e-01
2.149999999999999689e-01 1.203164383738805632e-01 2.036430681579733115e-01
2.700000000000000178e-01 1.237605207936732649e-01 2.589678898347642089e-01
3.249999999999999556e-01 1.745790560729551522e-01 3.111659762439174526e-01
3.800000000000000044e-01 3.067365591388307999e-01 3.664172276791169414e-01
4.350000000000000533e-01 3.820667022781266131e-01 4.227720327381884191e-01
4.899999999999999911e-01 4.537695671242366613e-01 4.786486312269154220e-01
5.449999999999999289e-01 4.874043294792335113e-01 5.315824200519835285e-01
6.000000000000000888e-01 5.040018756086600549e-01 5.879004399902594269e-01
6.550000000000000266e-01 5.567622871459101397e-01 6.424895592511354891e-01
7.099999999999999645e-01 6.219433788992212442e-01 6.966740421832584573e-01
7.649999999999999023e-01 6.998382642660225805e-01 7.551991693692785557e-01
8.200000000000000622e-01 7.120757486086900512e-01 8.066247682417212461e-01
8.750000000000000000e-01 7.609890468046824896e-01 8.632370691463634449e-01
9.299999999999999378e-01 8.301638085979656800e-01 9.152512299515376260e-01
9.850000000000000977e-01 8.789305500952433459e-01 9.748063405198384990e-01
1.040000000000000036e+00 9.397882192364739318e-01 1.027335493016153345e+00
1.094999999999999973e+00 9.991803213905589010e-01 1.081998182518620899e+00
1.149999999999999911e+00 1.001012280124491394e+00 1.135005541585280220e+00
1.205000000000000071e+00 1.066266650227159607e+00 1.191066065677986119e+00
1.260000000000000009e+00 1.144234813943318052e+00 1.244404490831807042e+00
1.314999999999999947e+00 1.194467122427741446e+00 1.300575370286900068e+00
1.370000000000000107e+00 1.245725327803167026e+00 1.352552745971278503e+00
1.425000000000000044e+00 1.285515471504176777e+00 1.410378955862179984e+00
1.479999999999999982e+00 1.349304274619698818e+00 1.465998058505336932e+00
1.535000000000000142e+00 1.298925409436560763e+00 1.519520409263136917e+00
1.589999999999999858e+00 1.337469821198496556e+00 1.575691288718229721e+00
1.645000000000000018e+00 1.479996210698428571e+00 1.628183656093748599e+00
1.700000000000000178e+00 1.491354354848808850e+00 1.687186989850113505e+00
1.754999999999999893e+00 1.470286829408587570e+00 1.740672555487117634e+00
1.810000000000000053e+00 1.607683734453509317e+00 1.792502790688312864e+00
1.865000000000000213e+00 1.638643837056965591e+00 1.850255430337622853e+00
1.919999999999999929e+00 1.703605093762204481e+00 1.906389524671919800e+00
1.975000000000000089e+00 1.741416722030567188e+00 1.959323313496988073e+00
2.029999999999999805e+00 1.801541607678224910e+00 2.014905631019348942e+00
2.084999999999999964e+00 1.840269215313553586e+00 2.068832618105902021e+00
2.140000000000000124e+00 1.866026555112641816e+00 2.124562076111446096e+00
2.194999999999999840e+00 1.886141462011218461e+00 2.179261550734709285e+00
2.250000000000000000e+00 1.957771048507971123e+00 2.234402446807520981e+00
2.305000000000000160e+00 1.903618348332932309e+00 2.288697285102031742e+00
2.359999999999999876e+00 1.976676862642152699e+00 2.296679656314707607e+00
2.415000000000000036e+00 2.002324284917203823e+00 2.294877185395716168e+00
2.470000000000000195e+00 2.015954057897660245e+00 2.296606086073115893e+00
2.524999999999999911e+00 1.982282656367985174e+00 2.296495730710728544e+00
2.580000000000000071e+00 1.937289749862607824e+00 2.293736846651047934e+00
2.635000000000000231e+00 1.906622760656581317e+00 2.298224631388127825e+00
2.689999999999999947e+00 1.973196141047681040e+00 2.295612887811631087e+00
2.745000000000000107e+00 2.019324861968096130e+00 2.295833598536405784e+00
2.799999999999999822e+00 1.957221460887790920e+00 2.298151061146536556e+00
2.854999999999999982e+00 1.980084305887266583e+00 2.297783209938579763e+00
2.910000000000000142e+00 1.958906862923009085e+00 2.296164664623566942e+00
2.964999999999999858e+00 1.912155276033056683e+00 2.298077490904945286e+00
3.020000000000000018e+00 1.911569049238198703e+00 2.300358168394281311e+00
3.075000000000000178e+00 1.981806347097162746e+00 2.302933126849982859e+00
3.129999999999999893e+00 1.932673213853098426e+00 2.309922299801173473e+00
3.185000000000000053e+00 1.865550245841819166e+00 2.315587208403716790e+00
3.240000000000000213e+00 1.804033071556373047e+00 2.325040984448221604e+00
3.294999999999999929e+00 1.811067793094672806e+00 2.335782239720577191e+00
3.350000000000000089e+00 1.801834721075654011e+00 2.341226437598346699e+00
3.404999999999999805e+00 1.739145093200491043e+00 2.351710197025132398e+00
3.459999999999999964e+00 1.619334992001319584e+00 2.366350675101835943e+00
3.514999999999999680e+00 1.613216249829985127e+00 2.374075550468941476e+00
3.570000000000000284e+00 1.595739363508271280e+00 2.385037516466071761e+00
3.625000000000000000e+00 1.539937900472693189e+00 2.396477689033546632e+00
3.679999999999999716e+00 1.478860396283390832e+00 2.408396068171365645e+00
3.735000000000000320e+00 1.319479986431281615e+00 2.419799455618044437e+00
3.790000000000000036e+00 1.357841202319823415e+00 2.431754619876659529e+00
3.844999999999999751e+00 1.313287965910590271e+00 2.443268362685725670e+00
3.900000000000000355e+00 1.248949575174887805e+00 2.457025997863331757e+00
3.955000000000000071e+00 1.149071185000899220e+00 2.469017947242742483e+00
4.009999999999999787e+00 1.084036649946302777e+00 2.481782384158863763e+00
4.065000000000000391e+00 1.021200465372425148e+00 2.497636771221827701e+00
4.120000000000000107e+00 9.790654144919824775e-01 2.508341241373387209e+00
4.174999999999999822e+00 9.330466110956031622e-01 2.523018504570887277e+00
4.230000000000000426e+00 8.274891488464244382e-01 2.534642602742340767e+00
4.285000000000000142e+00 8.098657058259960406e-01 2.554101931643286250e+00
4.339999999999999858e+00 7.010473570304175395e-01 2.566057095901901342e+00
4.395000000000000462e+00 6.405194404612946091e-01 2.583125391951124339e+00
4.450000000000000178e+00 5.325071535086466357e-01 2.597802655148623963e+00
4.504999999999999893e+00 5.563592562244450423e-01 2.614024893419544693e+00
4.559999999999999609e+00 4.761927420275678946e-01 2.633042800870940781e+00
4.615000000000000213e+00 4.155549079344089125e-01 2.647720064068441292e+00
4.669999999999999929e+00 3.153101260136338957e-01 2.665560847654374843e+00
4.724999999999999645e+00 3.006910953168542289e-01 2.683475201481898775e+00
4.780000000000000249e+00 1.943642103994238923e-01 2.701315985067832770e+00
4.834999999999999964e+00 1.196569332296649329e-01 2.720848884210369523e+00
4.889999999999999680e+00 1.015938201130925367e-01 2.745127063935557388e+00
4.945000000000000284e+00 8.961280999317533524e-02 2.765138169648440059e+00
5.000000000000000000e+00 5.641771773432217169e-02 2.791549886379779188e+00
