-5.000000000000000000e-01 2.347909969821954795e-02 -2.986887865337567796e-02
-4.450000000000000067e-01 -3.450693690585173584e-03 -1.269022724176572213e-02
-3.900000000000000133e-01 3.300528511466746528e-02 -2.758244626916286218e-03
-3.349999999999999645e-01 2.816891405708622093e-02 -8.086332247421362590e-04
-2.800000000000000266e-01 -6.401524943438680060e-02 3.237730062789116216e-03
-2.249999999999999778e-01 -2.334576554108987873e-02 -5.511373791719655730e-04
-1.699999999999999845e-01 -1.876586870625914644e-02 -6.247076207634428809e-04
-1.149999999999999911e-01 -2.534714323619025652e-03 2.949203991300235759e-04
-5.999999999999999778e-02 -7.471388844055139311e-02 -4.407820167847498823e-04
-5.000000000000004441e-03 -2.067110578954873060e-02 1.477799159470687704e-04
5.000000000000004441e-02 -6.528384363591426855e-03 4.410599926685476041e-02
1.049999999999999822e-01 5.429763493872283775e-04 1.020057793993474071e-01
1.600000000000000311e-01 1.135153287958776125e-02 1.545717170164579157e-01
2.149999999999999689e-01 1.050883186197890638e-02 2.091976213981298349e-01
2.700000000000000178e-01 3.989344995425288948e-02 2.646327984373080255e-01
3.249999999999999556e-01 3.234577997045184894e-02 3.168676699672569042e-01
3.800000000000000044e-01 3.502043972199299360e-02 3.733696155095114211e-01
4.350000000000000533e-01 6.810561445681020953e-02 4.261930489721920678e-01
4.899999999999999911e-01 8.107588229305084937e-02 4.840928291046849297e-01
5.449999999999999289e-01 1.347660501094921810e-02 5.379462459496463511e-01
6.000000000000000888e-01 8.953953164381805996e-02 5.901811174795951187e-01
6.550000000000000266e-01 1.359247267869837239e-01 6.460577159683221771e-01
7.099999999999999645e-01 8.972272751721131756e-02 7.007204054707899532e-01
7.649999999999999023e-01 1.320409742710472456e-01 7.570384254090656295e-01
8.200000000000000622e-01 1.857540043499421034e-01 8.146807096959881589e-01
8.750000000000000000e-01 1.233208506975295438e-01 8.680559199706049389e-01
9.299999999999999378e-01 1.738462725793821773e-01 9.206954278293068006e-01
9.850000000000000977e-01 1.677641695827269963e-01 9.743649190702895480e-01
1.040000000000000036e+00 2.340077974017187035e-01 1.030167947317425448e+00
1.094999999999999973e+00 1.655291799273295728e-01 1.082366033726578358e+00
1.149999999999999911e+00 1.893446434684493695e-01 1.139934747771909285e+00
1.205000000000000071e+00 2.298675706630317339e-01 1.193714594375279159e+00
1.260000000000000009e+00 2.059421895978759409e-01 1.247715151703423730e+00
1.314999999999999947e+00 2.423981684031286110e-01 1.302083560239525317e+00
1.370000000000000107e+00 2.724422916396181948e-01 1.355274844910163257e+00
1.425000000000000044e+00 3.095577755890865368e-01 1.410673236828545951e+00
1.479999999999999982e+00 2.794037348285609568e-01 1.465483066814196489e+00
1.535000000000000142e+00 3.424597544505105229e-01 1.521543590906902610e+00
1.589999999999999858e+00 3.037687859898604570e-01 1.572895619537753698e+00
1.645000000000000018e+00 3.099241673358729687e-01 1.629765416287965563e+00
1.700000000000000178e+00 3.674476715813470018e-01 1.685384518931122511e+00
1.754999999999999893e+00 2.876109099565776761e-01 1.742033604956559678e+00
1.810000000000000053e+00 3.991405576783756404e-01 1.796181302767886789e+00
1.865000000000000213e+00 3.877457743533169188e-01 1.852021116135818435e+00
1.919999999999999929e+00 3.357914246589969731e-01 1.906647020517489910e+00
1.975000000000000089e+00 4.397367632223153078e-01 1.959249743255396137e+00
2.029999999999999805e+00 4.367689900733449093e-01 2.015347052468897893e+00
2.084999999999999964e+00 4.261069902418589961e-01 2.068391196656353515e+00
2.140000000000000124e+00 4.276458355783621657e-01 2.123017101038024990e+00
2.194999999999999840e+00 4.349003921647339177e-01 2.177974071506858955e+00
2.250000000000000000e+00 4.982495251841127515e-01 2.231018215694313245e+00
2.305000000000000160e+00 4.327753200333727124e-01 2.287888012444525998e+00
2.359999999999999876e+00 4.920208654887429089e-01 2.340858586390389462e+00
2.415000000000000036e+00 5.252159577475959962e-01 2.399751564784366575e+00
2.470000000000000195e+00 4.701106390309127692e-01 2.451213948777605456e+00
2.524999999999999911e+00 5.569821221939821321e-01 2.505214506105749361e+00
2.580000000000000071e+00 5.663617509117153670e-01 2.559251848554689790e+00
2.635000000000000231e+00 5.662884725623581472e-01 2.616636636996041876e+00
2.689999999999999947e+00 5.933281834751987782e-01 2.668356516834849756e+00
2.745000000000000107e+00 5.410807203834497869e-01 2.727286280349624725e+00
2.799999999999999822e+00 5.676441220254679898e-01 2.779999358449917857e+00
2.854999999999999982e+00 5.788923486518122719e-01 2.835912742059440106e+00
2.910000000000000142e+00 6.182794614313565917e-01 2.864752276763300021e+00
2.964999999999999858e+00 5.286966793420674326e-01 2.863060161206695931e+00
3.020000000000000018e+00 6.163375851733884359e-01 2.864347640434546260e+00
3.075000000000000178e+00 6.238852551571895111e-01 2.863464797535449691e+00
3.129999999999999893e+00 5.897009051820127912e-01 2.862802665361125598e+00
3.185000000000000053e+00 6.272926984023035057e-01 2.862802665361125154e+00
3.240000000000000213e+00 6.298574406298086403e-01 2.862655524877942614e+00
3.294999999999999929e+00 6.319458735864914578e-01 2.861993392703618966e+00
3.350000000000000089e+00 5.888582041644039311e-01 2.862949805844309026e+00
3.404999999999999805e+00 6.180229872086061560e-01 2.864641921400911784e+00
3.459999999999999964e+00 6.017918328259659333e-01 2.863648723139426977e+00
3.514999999999999680e+00 6.313230076169544791e-01 2.864274070192954547e+00
3.570000000000000284e+00 5.925953999816258033e-01 2.866444392319903223e+00
3.625000000000000000e+00 5.647496272258548666e-01 2.865377623816826258e+00
3.679999999999999716e+00 6.035871523852196496e-01 2.869644697829132785e+00
3.735000000000000320e+00 5.667647818331804643e-01 2.872440367009608142e+00
3.790000000000000036e+00 5.374534420902637999e-01 2.875493532035655164e+00
3.844999999999999751e+00 5.787457919530976103e-01 2.879282399477616661e+00
3.900000000000000355e+00 5.633573385880664697e-01 2.884101250301857711e+00
3.955000000000000071e+00 5.448911945500288789e-01 2.888809745763713632e+00
4.009999999999999787e+00 4.333615468282309147e-01 2.896681761614000816e+00
4.065000000000000391e+00 4.096193616364683932e-01 2.901537397559037501e+00
4.120000000000000107e+00 4.614637938067522316e-01 2.904406636981105905e+00
4.174999999999999822e+00 4.418251961789981253e-01 2.909814049738080222e+00
4.230000000000000426e+00 4.038670112119210343e-01 2.914780041045503811e+00
4.285000000000000142e+00 4.357064540076642234e-01 2.921291007426350728e+00
4.339999999999999858e+00 3.928019804589699682e-01 2.928022684531970565e+00
4.395000000000000462e+00 3.059304972959005497e-01 2.933871518738492057e+00
4.450000000000000178e+00 3.730901044818584755e-01 2.940492840481725878e+00
4.504999999999999893e+00 3.533049501553895966e-01 2.947077377104162732e+00
4.559999999999999609e+00 2.873910749085057392e-01 2.954839037592063455e+00
4.615000000000000213e+00 2.398334261756234209e-01 2.961754640301662356e+00
4.669999999999999929e+00 2.483703538757478790e-01 2.968265606682507940e+00
4.724999999999999645e+00 2.306369933312833187e-01 2.977130820794281707e+00
4.780000000000000249e+00 1.792322312571431320e-01 2.983936068141492814e+00
4.834999999999999964e+00 2.359496736596869426e-01 2.991918439354168235e+00
4.889999999999999680e+00 2.377816323936192133e-01 3.000489372499575591e+00
4.945000000000000284e+00 1.772537158244962552e-01 3.010568495597607530e+00
5.000000000000000000e+00 9.005248008931909798e-02 3.018440511447895602e+00
