-5.000000000000000000e-01 -2.616698199134560518e-02 -4.785680272249188266e-02
-4.450000000000000067e-01 -2.792566237592061795e-02 -2.847104406313760369e-02
-3.900000000000000133e-01 -2.532428097373675552e-02 -2.056224309205379602e-02
-3.349999999999999645e-01 -2.532428097373675899e-02 -1.864941681067538298e-02
-2.800000000000000266e-01 -2.620362116602426017e-02 -1.699408637486714280e-02
-2.249999999999999778e-01 -2.704632218363310983e-02 -1.647909468372680403e-02
-1.699999999999999845e-01 -2.627689951538154586e-02 -1.835513584430947462e-02
-1.149999999999999911e-01 -2.609370364198831602e-02 -1.695730125407140729e-02
-5.999999999999999778e-02 -2.777910567720603616e-02 -1.544911130144612128e-02
-5.000000000000004441e-03 -2.748599227977685869e-02 -1.644230956293106505e-02
5.000000000000004441e-02 -2.382207481191227563e-02 2.920802534458061261e-02
1.049999999999999822e-01 -1.748349759250654098e-02 8.383392972625251793e-02
1.600000000000000311e-01 -3.670528738657047145e-03 1.352595285986951668e-01
2.149999999999999689e-01 3.180996926249730732e-03 1.920925402281113969e-01
2.700000000000000178e-01 1.516200704616692957e-02 2.480794940792256376e-01
3.249999999999999556e-01 2.395540896904193792e-02 3.021168365281656776e-01
3.800000000000000044e-01 3.853780049114299139e-02 3.570370218762035641e-01
4.350000000000000533e-01 5.238740851967114281e-02 4.147528764047175298e-01
4.899999999999999911e-01 6.026483107557999847e-02 4.680177313169470166e-01
5.449999999999999289e-01 7.235575871953313365e-02 5.245196768592015335e-01
6.000000000000000888e-01 8.397037709266384764e-02 5.780052424962056623e-01
6.550000000000000266e-01 9.921227375898056255e-02 6.320793700659415038e-01
7.099999999999999645e-01 1.073095313629613134e-01 6.882134644002386725e-01
7.649999999999999023e-01 1.218552837103837189e-01 7.429497241442977185e-01
8.200000000000000622e-01 1.364010360578061243e-01 7.983849011834758258e-01
8.750000000000000000e-01 1.448646854085733071e-01 8.518336816996843197e-01
9.299999999999999378e-01 1.627812418264311389e-01 9.084827677251215983e-01
9.850000000000000977e-01 1.703655509849108241e-01 9.624833250532659479e-01
1.040000000000000036e+00 1.841785198387602962e-01 1.017477080642895215e+00
1.094999999999999973e+00 1.927520867135635030e-01 1.073280108890030782e+00
1.149999999999999911e+00 2.089466019215249215e-01 1.126066757231915849e+00
1.205000000000000071e+00 2.227962099500531146e-01 1.180692661613587768e+00
1.260000000000000009e+00 2.307469108553192871e-01 1.239622425128360961e+00
1.314999999999999947e+00 2.472345394607098346e-01 1.290201966222501717e+00
1.370000000000000107e+00 2.577133434188025873e-01 1.346703911764756345e+00
1.425000000000000044e+00 2.716362297966880557e-01 1.402065518562342739e+00
1.479999999999999982e+00 2.839103533140343583e-01 1.456433927098444325e+00
1.535000000000000142e+00 2.976866829932052205e-01 1.512568021432741938e+00
1.589999999999999858e+00 3.098875281611942478e-01 1.565428240016218497e+00
1.645000000000000018e+00 3.211357547875385854e-01 1.622886598699162075e+00
1.700000000000000178e+00 3.374035483448573625e-01 1.678137850134361564e+00
1.754999999999999893e+00 3.479189914776288362e-01 1.734051233743884479e+00
1.810000000000000053e+00 3.589473830559010148e-01 1.785991824307467057e+00
1.865000000000000213e+00 3.747388673423975303e-01 1.840286662601977596e+00
1.919999999999999929e+00 3.837154651386656679e-01 1.900025698774256977e+00
1.975000000000000089e+00 3.977116298659084115e-01 1.951157016680333367e+00
2.029999999999999805e+00 4.120741863399376426e-01 2.010160350436698717e+00
2.084999999999999964e+00 4.210874233108844455e-01 2.063903411919272735e+00
2.140000000000000124e+00 4.357430931823429443e-01 2.116800415623545373e+00
2.194999999999999840e+00 4.444998559305392005e-01 2.170212411018957344e+00
2.250000000000000000e+00 4.623431339990398681e-01 2.228296116755429157e+00
2.305000000000000160e+00 4.732616080532762171e-01 2.283179516982671853e+00
2.359999999999999876e+00 4.885401438942715280e-01 2.334972967063071447e+00
2.415000000000000036e+00 4.972236282931106199e-01 2.393019887678746738e+00
2.470000000000000195e+00 5.117693806405331225e-01 2.447130800369277992e+00
2.524999999999999911e+00 5.218451536771606669e-01 2.500689936247873835e+00
2.580000000000000071e+00 5.369038544700840410e-01 2.555646906716707800e+00
2.635000000000000231e+00 5.476391326509274515e-01 2.611339579601455796e+00
2.689999999999999947e+00 5.620383282996351815e-01 2.665487277412783129e+00
2.745000000000000107e+00 5.738361425461592225e-01 2.722062793196628583e+00
2.799999999999999822e+00 5.869529670811145516e-01 2.778527953618088020e+00
2.854999999999999982e+00 5.983477504061731622e-01 2.833668849690900160e+00
2.910000000000000142e+00 6.042466575294351827e-01 2.854746723906859351e+00
2.964999999999999858e+00 5.969921009430633196e-01 2.851951054726383106e+00
3.020000000000000018e+00 5.998865957426764428e-01 2.853900666128555752e+00
3.075000000000000178e+00 5.998133173933191120e-01 2.853201748833437801e+00
3.129999999999999893e+00 5.980546370087441721e-01 2.853275319075029071e+00
3.185000000000000053e+00 6.023047812714670268e-01 2.850185368928186858e+00
3.240000000000000213e+00 6.001430699654268786e-01 2.854011021490943989e+00
3.294999999999999929e+00 5.999598740920336626e-01 2.853496029799804212e+00
3.350000000000000089e+00 6.007292967602853029e-01 2.854857079269245368e+00
3.404999999999999805e+00 6.000697916160696588e-01 2.853937451249352719e+00
3.459999999999999964e+00 6.011689668564289546e-01 2.854709938786063717e+00
3.514999999999999680e+00 5.972485751658138664e-01 2.855188145356407858e+00
3.570000000000000284e+00 5.935846576979493250e-01 2.857027401396193600e+00
3.625000000000000000e+00 5.869529670811145516e-01 2.854452442940492496e+00
3.679999999999999716e+00 5.821165960235330505e-01 2.861662326616456475e+00
3.735000000000000320e+00 5.727003281311210392e-01 2.865009772608869465e+00
3.790000000000000036e+00 5.603529262644174613e-01 2.867805441789345711e+00
3.844999999999999751e+00 5.469796275067116964e-01 2.871226458023348638e+00
3.900000000000000355e+00 5.289531535648179794e-01 2.877222432713055333e+00
3.955000000000000071e+00 5.140043702959304905e-01 2.883439118127535838e+00
4.009999999999999787e+00 4.951718345111064679e-01 2.889986869629176613e+00
4.065000000000000391e+00 4.796368244473606102e-01 2.894768935332621584e+00
4.120000000000000107e+00 4.569205361466002202e-01 2.902677736303706180e+00
4.174999999999999822e+00 4.383811137592053542e-01 2.908269074664657783e+00
4.230000000000000426e+00 4.218202068044573649e-01 2.913933983267202432e+00
4.285000000000000142e+00 4.032075060677052791e-01 2.920444949648047128e+00
4.339999999999999858e+00 3.788424549064057789e-01 2.930450502504488686e+00
4.395000000000000462e+00 3.582878779116854262e-01 2.938396088596368472e+00
4.450000000000000178e+00 3.421300018784027008e-01 2.942994228695836600e+00
4.504999999999999893e+00 3.223814867266125428e-01 2.953110136914663286e+00
4.559999999999999609e+00 2.986759407095286312e-01 2.960099309865854345e+00
4.615000000000000213e+00 2.844233017595353963e-01 2.970215218084682363e+00
4.669999999999999929e+00 2.581163743402676292e-01 2.975696201083247061e+00
4.724999999999999645e+00 2.404929313198390095e-01 2.985591398577301270e+00
4.780000000000000249e+00 2.160546018091822340e-01 2.994456612689074149e+00
4.834999999999999964e+00 1.941443753513519832e-01 3.002806835109707251e+00
4.889999999999999680e+00 1.771804374751388966e-01 3.011046702167951672e+00
4.945000000000000284e+00 1.560396336855603139e-01 3.023369717634524889e+00
5.000000000000000000e+00 1.396252834295269307e-01 3.033338485370169479e+00
