-5.000000000000000000e-01 -1.592771035988660433e-01 -3.108278763963505040e-02
-4.450000000000000067e-01 -7.445741421780086022e-02 -1.375699574484214385e-02
-3.900000000000000133e-01 6.609045984948468122e-02 -3.530732163626796542e-03
-3.349999999999999645e-01 4.938299619602217611e-02 -1.985757090205772860e-03
-2.800000000000000266e-01 -2.974384419762777110e-03 -2.831814868507762008e-03
-2.249999999999999778e-01 2.512786255875860617e-02 6.394327641143776349e-07
-1.699999999999999845e-01 -2.503116757630758499e-02 -1.875401727818557440e-03
-1.149999999999999911e-01 -1.260087329906556253e-01 -1.728261244635602607e-03
-5.999999999999999778e-02 -3.235900251203675804e-02 -4.407820167847496654e-04
-5.000000000000004441e-03 -8.800013193667469841e-03 -4.407820167847496112e-04
5.000000000000004441e-02 7.297862468907011235e-02 4.550383385709282080e-02
1.049999999999999822e-01 6.880175877570447740e-02 1.005711596883136077e-01
1.600000000000000311e-01 3.840502070465354450e-03 1.513346263864329411e-01
2.149999999999999689e-01 1.105704179093607575e-01 2.100804642972275427e-01
2.700000000000000178e-01 7.187944944871074715e-02 2.637499555382102900e-01
3.249999999999999556e-01 4.388711999422529458e-02 3.184126450406778996e-01
3.800000000000000044e-01 1.079690365071769159e-01 3.711992933825630225e-01
4.350000000000000533e-01 1.194004590069144278e-01 4.229559583421671487e-01
4.899999999999999911e-01 1.257756754009988209e-01 4.806350277498854795e-01
5.449999999999999289e-01 2.258006222737020396e-01 5.368059072049783387e-01
6.000000000000000888e-01 2.357298386116150613e-01 5.905121835667568320e-01
6.550000000000000266e-01 2.453659415520988984e-01 6.442920301701265950e-01
7.099999999999999645e-01 2.763260441555546731e-01 6.979615214111093424e-01
7.649999999999999023e-01 2.951585799403786958e-01 7.555302354564407130e-01
8.200000000000000622e-01 1.996402515531489341e-01 8.115171893075545650e-01
8.750000000000000000e-01 1.833358188211514639e-01 8.643774078910310132e-01
9.299999999999999378e-01 2.932899820317678152e-01 9.167962050249587325e-01
9.850000000000000977e-01 3.919959186160397735e-01 9.745120595534725316e-01
1.040000000000000036e+00 3.684735684723490223e-01 1.028917253210370086e+00
1.094999999999999973e+00 4.138328667245126380e-01 1.079754290150080953e+00
1.149999999999999911e+00 2.884536109741864807e-01 1.134968756464484585e+00
1.205000000000000071e+00 4.231392170928887086e-01 1.189006098913424792e+00
1.260000000000000009e+00 4.288182891680789033e-01 1.244110209865441075e+00
1.314999999999999947e+00 4.006427638402000890e-01 1.298625758884725867e+00
1.370000000000000107e+00 5.290630710888539756e-01 1.352920597179235962e+00
1.425000000000000044e+00 4.872944119551976816e-01 1.406185452091465837e+00
1.479999999999999982e+00 5.715645137160830780e-01 1.463864521499183891e+00
1.535000000000000142e+00 5.868796887317571098e-01 1.515326905492422327e+00
1.589999999999999858e+00 5.603529262644174613e-01 1.569069966974996788e+00
1.645000000000000018e+00 5.917893381386956086e-01 1.624394788651787325e+00
1.700000000000000178e+00 5.949403071610591676e-01 1.684170609944862784e+00
1.754999999999999893e+00 6.108783481462700671e-01 1.736883688045156360e+00
1.810000000000000053e+00 6.200747809906100860e-01 1.791619947789215184e+00
1.865000000000000213e+00 6.763891924716887161e-01 1.846613703378844784e+00
1.919999999999999929e+00 5.497642047822888234e-01 1.902196020901205653e+00
1.975000000000000089e+00 7.375399750103486252e-01 1.955497660934231163e+00
2.029999999999999805e+00 7.170220371903073264e-01 2.008431449759299436e+00
2.084999999999999964e+00 7.155198310284827112e-01 2.064602329214392018e+00
2.140000000000000124e+00 8.388839321714833819e-01 2.117278622193889515e+00
2.194999999999999840e+00 7.828626340878338530e-01 2.174847336239221107e+00
2.250000000000000000e+00 8.973234157839237168e-01 2.228406472117816062e+00
2.305000000000000160e+00 8.154714995518287379e-01 2.283584153311424281e+00
2.359999999999999876e+00 7.334730266210193195e-01 2.335304033150232605e+00
2.415000000000000036e+00 9.538943014877527826e-01 2.392100259658853201e+00
2.470000000000000195e+00 8.684151069624718167e-01 2.443268362685725670e+00
2.524999999999999911e+00 8.916077045340546903e-01 2.500322085039916598e+00
2.580000000000000071e+00 1.004932671815106371e+00 2.553918006039307631e+00
2.635000000000000231e+00 9.228609205349396216e-01 2.607035720468354523e+00
2.689999999999999947e+00 9.712979094601095209e-01 2.663390525527427055e+00
2.745000000000000107e+00 9.941607544595847390e-01 2.718715347204216926e+00
2.799999999999999822e+00 1.033767702287200718e+00 2.771612350908489120e+00
2.854999999999999982e+00 1.060660856501326910e+00 2.827341808914032750e+00
2.910000000000000142e+00 1.135294855321728358e+00 2.884027680060265997e+00
2.964999999999999858e+00 1.181496854591500778e+00 2.925705221921838017e+00
3.020000000000000018e+00 1.146249968550643539e+00 2.926220213612979126e+00
3.075000000000000178e+00 1.115949371091403464e+00 2.927875544048788026e+00
3.129999999999999893e+00 9.822896618637032562e-01 2.925447726076268129e+00
3.185000000000000053e+00 1.077807990250932990e+00 2.923424544432502881e+00
3.240000000000000213e+00 1.096567247686399904e+00 2.927139841632872663e+00
3.294999999999999929e+00 9.631640126814502434e-01 2.927176626753668298e+00
3.350000000000000089e+00 1.161491865216960129e+00 2.925962717767408794e+00
3.404999999999999805e+00 1.191279514230699332e+00 2.925852362405022333e+00
3.459999999999999964e+00 1.114776917501686837e+00 2.923939536123642213e+00
3.514999999999999680e+00 1.133975845033297292e+00 2.926073073129796143e+00
3.570000000000000284e+00 1.074327268656461554e+00 2.930413717383693051e+00
3.625000000000000000e+00 1.166438153798577515e+00 2.929935510813348465e+00
3.679999999999999716e+00 1.158450813718632677e+00 2.927654833324011996e+00
3.735000000000000320e+00 1.062602732759295066e+00 2.931370130524382667e+00
3.790000000000000036e+00 1.130824876010933400e+00 2.935526849174301844e+00
3.844999999999999751e+00 1.030067145644657511e+00 2.937660386180454442e+00
3.900000000000000355e+00 1.033181475492342294e+00 2.940529625602521069e+00
3.955000000000000071e+00 1.044539619642722572e+00 2.946856666379388479e+00
4.009999999999999787e+00 1.048716485556088207e+00 2.951454806478855719e+00
4.065000000000000391e+00 9.105867970175932635e-01 2.956788648994237878e+00
4.120000000000000107e+00 9.031124053831495191e-01 2.961975351026437053e+00
4.174999999999999822e+00 9.196733123378972863e-01 2.966978127454657166e+00
4.230000000000000426e+00 8.973600549586023822e-01 2.970987705621392916e+00
4.285000000000000142e+00 7.520490881830926844e-01 2.978087233934969547e+00
4.339999999999999858e+00 7.378330884077780594e-01 2.986511026597193919e+00
4.395000000000000462e+00 7.213454598023875119e-01 2.992727712011674868e+00
4.450000000000000178e+00 7.368438306914546487e-01 3.000930793949123654e+00
4.504999999999999893e+00 6.036604307345768694e-01 3.005712859652570401e+00
4.559999999999999609e+00 5.222115454239472099e-01 3.014357363039569471e+00
4.615000000000000213e+00 6.093395028097670085e-01 3.022155808648264497e+00
4.669999999999999929e+00 5.859270701901123646e-01 3.028813915512293953e+00
4.724999999999999645e+00 5.616719365528487495e-01 3.036281295033827821e+00
4.780000000000000249e+00 5.097542260332075248e-01 3.045293649628785015e+00
4.834999999999999964e+00 4.822015666748658558e-01 3.051473549922469441e+00
4.889999999999999680e+00 3.799049909720864648e-01 3.058940929444004642e+00
4.945000000000000284e+00 3.437421255642631457e-01 3.070712168098640671e+00
5.000000000000000000e+00 2.705370545563285933e-01 3.079099175640068520e+00
