-5.000000000000000000e-01 1.047219268730025833e-02 -3.689483672536175707e-02
-4.450000000000000067e-01 1.765846026007686571e-04 -1.864941681067538298e-02
-3.900000000000000133e-01 -1.389285847399924535e-02 -6.767822793651799389e-03
-3.349999999999999645e-01 -9.592298124372530257e-04 -6.841393035243276480e-03
-2.800000000000000266e-01 3.107718576892437665e-03 -8.864574679008901253e-03
-2.249999999999999778e-01 -4.549868930944547460e-03 -5.038922116252082979e-03
-1.699999999999999845e-01 -2.100085836165653877e-02 -6.363186464898674087e-03
-1.149999999999999911e-01 -3.817085437371631109e-03 -6.032120377737025876e-03
-5.999999999999999778e-02 -8.213786398809135719e-03 -4.450360183520262781e-03
-5.000000000000004441e-03 -4.916260677731007153e-03 -6.032120377737025009e-03
5.000000000000004441e-02 2.571408935361693682e-02 3.608684293338373927e-02
1.049999999999999822e-01 7.997670705269148417e-02 9.773870538704171329e-02
1.600000000000000311e-01 1.167624384300519069e-01 1.483918167227738782e-01
2.149999999999999689e-01 1.751652828678134377e-01 2.029809359836499960e-01
2.700000000000000178e-01 2.503855084830733935e-01 2.593725261635173585e-01
3.249999999999999556e-01 3.086417962221203459e-01 3.124534554717682822e-01
3.800000000000000044e-01 3.622082696023006254e-01 3.656447401424063326e-01
4.350000000000000533e-01 4.289648458667934539e-01 4.207488510944228377e-01
4.899999999999999911e-01 4.731150513545616665e-01 4.781336395357752567e-01
5.449999999999999289e-01 5.223214629479830950e-01 5.300006598577667871e-01
6.000000000000000888e-01 6.092295852857310123e-01 5.843322832730726279e-01
6.550000000000000266e-01 6.656539142908459716e-01 6.397674603122508463e-01
7.099999999999999645e-01 7.268046968295056587e-01 6.952026373514290647e-01
7.649999999999999023e-01 7.922789019802457533e-01 7.464810957406886605e-01
8.200000000000000622e-01 8.384809012500183956e-01 8.041233800276113008e-01
8.750000000000000000e-01 9.073259104711939305e-01 8.583814332013256498e-01
9.299999999999999378e-01 9.668279301493147848e-01 9.118669988383297786e-01
9.850000000000000977e-01 1.016950321109702404e+00 9.678907378102397097e-01
1.040000000000000036e+00 1.084806072614554528e+00 1.021707369534405219e+00
1.094999999999999973e+00 1.147349143791002835e+00 1.073059398165256528e+00
1.149999999999999911e+00 1.211028029382489324e+00 1.131290244384910659e+00
1.205000000000000071e+00 1.267342440863568065e+00 1.184187248089182853e+00
1.260000000000000009e+00 1.326075037873437168e+00 1.236606045223110684e+00
1.314999999999999947e+00 1.387189181237418634e+00 1.294652965838786418e+00
1.370000000000000107e+00 1.440022871124026382e+00 1.348690308287726181e+00
1.425000000000000044e+00 1.477358190121566217e+00 1.401991948320751691e+00
1.479999999999999982e+00 1.561371817659701344e+00 1.456066075890487310e+00
1.535000000000000142e+00 1.627981837225479289e+00 1.510066633218631882e+00
1.589999999999999858e+00 1.676858496246793173e+00 1.564545397117121039e+00
1.645000000000000018e+00 1.732110371662191062e+00 1.618877020532426991e+00
1.700000000000000178e+00 1.799343257197505652e+00 1.674422552933992447e+00
1.754999999999999893e+00 1.861190184055060426e+00 1.729416308523622048e+00
1.810000000000000053e+00 1.908051688469048379e+00 1.783269725368583192e+00
1.865000000000000213e+00 1.949417316681239631e+00 1.813065673213131168e+00
1.919999999999999929e+00 1.950003543476098056e+00 1.814537078044960339e+00
1.975000000000000089e+00 1.940990306505151031e+00 1.813617450025067024e+00
2.029999999999999805e+00 1.942345955968261206e+00 1.811373557656526856e+00
2.084999999999999964e+00 1.950333296048205822e+00 1.816560259688725809e+00
2.140000000000000124e+00 1.941173502378544358e+00 1.813433524421088183e+00
2.194999999999999840e+00 1.944507667274301133e+00 1.814169226837002880e+00
2.250000000000000000e+00 1.943701605431370938e+00 1.814389937561777799e+00
2.305000000000000160e+00 1.928020038668910585e+00 1.815015284615305369e+00
2.359999999999999876e+00 1.942968821937797852e+00 1.815383135823262828e+00
2.415000000000000036e+00 1.945313729117231327e+00 1.817259176983845093e+00
2.470000000000000195e+00 1.928496347939733013e+00 1.816560259688725809e+00
2.524999999999999911e+00 1.928349791241018574e+00 1.815640631668832494e+00
2.580000000000000071e+00 1.911569049238198259e+00 1.819098433023631944e+00
2.635000000000000231e+00 1.856500369696194142e+00 1.820238771768299735e+00
2.689999999999999947e+00 1.829020988687209304e+00 1.828478638826545266e+00
2.745000000000000107e+00 1.770544865900090192e+00 1.831053597282247036e+00
2.799999999999999822e+00 1.686897630108742163e+00 1.837380638059114002e+00
2.854999999999999982e+00 1.638863672105036917e+00 1.843928389560755887e+00
2.910000000000000142e+00 1.564193034109956804e+00 1.849078306472159205e+00
2.964999999999999858e+00 1.492233695041096153e+00 1.855809983577779043e+00
3.020000000000000018e+00 1.411774067446790237e+00 1.867176585903662422e+00
3.075000000000000178e+00 1.338202604692068975e+00 1.874901461270767511e+00
3.129999999999999893e+00 1.258219286368585266e+00 1.880566369873311716e+00
3.185000000000000053e+00 1.173399596987520166e+00 1.891601906112033049e+00
3.240000000000000213e+00 1.084146567470338995e+00 1.898223227855265760e+00
3.294999999999999929e+00 1.000939001775134063e+00 1.908265565832502508e+00
3.350000000000000089e+00 9.227876421855825129e-01 1.915475449508467598e+00
3.404999999999999805e+00 8.372718084856231036e-01 1.923494605841938876e+00
3.459999999999999964e+00 7.525253974539147794e-01 1.935265844496574683e+00
3.514999999999999680e+00 6.516943887382815603e-01 1.944167843729143641e+00
3.570000000000000284e+00 5.649328230992481936e-01 1.955497660934230941e+00
3.625000000000000000e+00 4.890530923397726215e-01 1.968629949058309903e+00
3.679999999999999716e+00 4.136130316764407566e-01 1.977568733411674273e+00
3.735000000000000320e+00 3.046481261821479825e-01 1.990002104240633729e+00
3.790000000000000036e+00 2.467215910152088798e-01 2.003943665022219101e+00
3.844999999999999751e+00 1.844716332361894806e-01 2.019319845514838008e+00
3.900000000000000355e+00 1.128054075647581811e-01 2.035284587940188850e+00
3.955000000000000071e+00 5.755353214936020922e-02 2.054486420995564000e+00
4.009999999999999787e+00 3.494716137263569750e-02 2.079794584103031863e+00
4.065000000000000391e+00 -1.070525027695705574e-02 2.107383424699835750e+00
4.120000000000000107e+00 -7.261167857164341037e-03 2.140894669744754175e+00
4.174999999999999822e+00 -5.209374075160174214e-03 2.175730179138319009e+00
4.230000000000000426e+00 -1.312343580574768312e-02 2.212404944571670029e+00
4.285000000000000142e+00 -1.077852862631434663e-02 2.251728238702314755e+00
4.339999999999999858e+00 -1.169450799328048893e-02 2.287041954666224175e+00
4.395000000000000462e+00 2.155100035247646019e-03 2.322760306958886023e+00
4.450000000000000178e+00 -1.392949764867789167e-02 2.358662584855526934e+00
4.504999999999999893e+00 -8.859514630799616942e-04 2.398353730194129341e+00
4.559999999999999609e+00 -1.121819872245810069e-02 2.433446735433263619e+00
4.615000000000000213e+00 3.071079402213792650e-03 2.469937575262636464e+00
4.669999999999999929e+00 -3.363638429002733469e-04 2.507384828232698037e+00
4.724999999999999645e+00 -5.722322520661215703e-03 2.544096378786845580e+00
4.780000000000000249e+00 -3.047662769120067141e-03 2.583088606830328704e+00
4.834999999999999964e+00 -2.264463188643359159e-04 2.621749768786649781e+00
4.889999999999999680e+00 -3.927002961407568757e-03 2.656769203784193234e+00
4.945000000000000284e+00 -8.213786398809133985e-03 2.694768233566191551e+00
5.000000000000000000e+00 -2.268626039687425544e-02 2.733613321126490359e+00
