-5.000000000000000000e-01 5.796155240658791390e-04 -3.678448136297454707e-02
-4.450000000000000067e-01 -2.400527068530550895e-02 -1.795049951555634932e-02
-3.900000000000000133e-01 4.978602711748727344e-02 -7.613880571953787237e-03
-3.349999999999999645e-01 -7.284529053194042925e-02 -7.172459122404923823e-03
-2.800000000000000266e-01 -2.319920884237529346e-02 -6.620682310468844339e-03
-2.249999999999999778e-01 2.465155328793620579e-02 -6.510326948081628269e-03
-1.699999999999999845e-01 3.949041903278779214e-02 -6.068905498532763988e-03
-1.149999999999999911e-01 -2.294273461962476751e-02 -7.503525209566571166e-03
-5.999999999999999778e-02 -7.297807031842988221e-03 -3.346806559648104248e-03
-5.000000000000004441e-03 -3.304136991870587018e-03 -8.791004437417425030e-03
5.000000000000004441e-02 2.710637799140548296e-02 3.910322283863430781e-02
1.049999999999999822e-01 1.171654693515170320e-01 9.439125939462950088e-02
1.600000000000000311e-01 1.191439847841638811e-01 1.469204118909442913e-01
2.149999999999999689e-01 2.440469312636676935e-01 2.024659442925096919e-01
2.700000000000000178e-01 1.584578192143509257e-01 2.583793279020324407e-01
3.249999999999999556e-01 3.664584138650234801e-01 3.131523727668872326e-01
3.800000000000000044e-01 4.526337527091987001e-01 3.665275830415040126e-01
4.350000000000000533e-01 5.088016074915627796e-01 4.241330822076307960e-01
4.899999999999999911e-01 5.190239372269049856e-01 4.802303914211323299e-01
5.449999999999999289e-01 6.260103272885508829e-01 5.305892217904984998e-01
6.000000000000000888e-01 6.420949249724764440e-01 5.835965808571579316e-01
6.550000000000000266e-01 7.098407589532923501e-01 6.395835347082721167e-01
7.099999999999999645e-01 7.588273354986422303e-01 6.947612159018802247e-01
7.649999999999999023e-01 8.360993548959063659e-01 7.493135500419606521e-01
8.200000000000000622e-01 7.912896442639223427e-01 8.047119419603427914e-01
8.750000000000000000e-01 1.010135434619474415e+00 8.593010612212192978e-01
9.299999999999999378e-01 1.008450032584256251e+00 9.120877095631041431e-01
9.850000000000000977e-01 1.059818155483717828e+00 9.693621426420692133e-01
1.040000000000000036e+00 1.112908319593076012e+00 1.022774138037481739e+00
1.094999999999999973e+00 1.181973163862323206e+00 1.076370059036872995e+00
1.149999999999999911e+00 1.149913886018508080e+00 1.125919616748732643e+00
1.205000000000000071e+00 1.299878027978205841e+00 1.186210429732948546e+00
1.260000000000000009e+00 1.360552501246043322e+00 1.239659210249156818e+00
1.314999999999999947e+00 1.423828355916064714e+00 1.294505825355602990e+00
1.370000000000000107e+00 1.469114375818870721e+00 1.347329258818283915e+00
1.425000000000000044e+00 1.544188044735416376e+00 1.404419766293270255e+00
1.479999999999999982e+00 1.577126662771519028e+00 1.460369935023589028e+00
1.535000000000000142e+00 1.626626187762369335e+00 1.512053029741601717e+00
1.589999999999999858e+00 1.724342866630317994e+00 1.567083570452026731e+00
1.645000000000000018e+00 1.788498061492626912e+00 1.621599119471311523e+00
1.700000000000000178e+00 1.834113833967540907e+00 1.676813585785715155e+00
1.754999999999999893e+00 1.899368204070209121e+00 1.732138407462505914e+00
1.810000000000000053e+00 1.961508244325192329e+00 1.789817476870224411e+00
1.865000000000000213e+00 1.962460862866837408e+00 1.843045546661657985e+00
1.919999999999999929e+00 1.933699110744100835e+00 1.901202822639721068e+00
1.975000000000000089e+00 2.066442840604834075e+00 1.951377727405108287e+00
2.029999999999999805e+00 2.166138034905430221e+00 2.006261127632350760e+00
2.084999999999999964e+00 2.163646571027281862e+00 2.049262933842569190e+00
2.140000000000000124e+00 2.188451292284725458e+00 2.049373289204956095e+00
2.194999999999999840e+00 2.153753993864047533e+00 2.046651190266071119e+00
2.250000000000000000e+00 2.192957910770198637e+00 2.046761545628458467e+00
2.305000000000000160e+00 2.143055354857883010e+00 2.047350107561190846e+00
2.359999999999999876e+00 2.217432879455533801e+00 2.048453661185063002e+00
2.415000000000000036e+00 2.170937766788332723e+00 2.048196165339492225e+00
2.470000000000000195e+00 2.133272695218684678e+00 2.051948247660657643e+00
2.524999999999999911e+00 2.168666137958256357e+00 2.051249330365539247e+00
2.580000000000000071e+00 2.127813458191566198e+00 2.046467264662092944e+00
2.635000000000000231e+00 2.184677457292824698e+00 2.049152578480181841e+00
2.689999999999999947e+00 2.102349231789907957e+00 2.051322900607130517e+00
2.745000000000000107e+00 2.201568116819680121e+00 2.052352883989411403e+00
2.799999999999999822e+00 2.093775664915104695e+00 2.056840668726491739e+00
2.854999999999999982e+00 2.106049788432450942e+00 2.057944222350363450e+00
2.910000000000000142e+00 2.102495788488622175e+00 2.065190891147123953e+00
2.964999999999999858e+00 1.940184244662220836e+00 2.070193667575344509e+00
3.020000000000000018e+00 2.018665356823880597e+00 2.079242807291096007e+00
3.075000000000000178e+00 1.978105790454619317e+00 2.084282368840112198e+00
3.129999999999999893e+00 1.837960947308798998e+00 2.092669376381540491e+00
3.185000000000000053e+00 1.846534514183602260e+00 2.102932425083551493e+00
3.240000000000000213e+00 1.717161588393303573e+00 2.113158688664766860e+00
3.294999999999999929e+00 1.673084661254892858e+00 2.120295002099140458e+00
3.350000000000000089e+00 1.616550414725741902e+00 2.132286951478551185e+00
3.404999999999999805e+00 1.538582251009583457e+00 2.140931454865549810e+00
3.459999999999999964e+00 1.382755841101302563e+00 2.155535147821457720e+00
3.514999999999999680e+00 1.456327303856023825e+00 2.164841783382779550e+00
3.570000000000000284e+00 1.287640543635537815e+00 2.174332344548080442e+00
3.625000000000000000e+00 1.258842152338122355e+00 2.187538202913750673e+00
3.679999999999999716e+00 1.215717843741356052e+00 2.197065549199847201e+00
3.735000000000000320e+00 1.114007494833435308e+00 2.212846366021218980e+00
3.790000000000000036e+00 1.060367743103897586e+00 2.226052224386889211e+00
3.844999999999999751e+00 8.562875401438404532e-01 2.236793479659244799e+00
3.900000000000000355e+00 9.204427350061491486e-01 2.249447561212979174e+00
3.955000000000000071e+00 8.359527981971917043e-01 2.263389121994563880e+00
4.009999999999999787e+00 7.619416653463270128e-01 2.276668550601825380e+00
4.065000000000000391e+00 5.969554617683846542e-01 2.290573326262614895e+00
4.120000000000000107e+00 5.858171526660763684e-01 2.303300978057940096e+00
4.174999999999999822e+00 4.952817520351423530e-01 2.321325687247852265e+00
4.230000000000000426e+00 3.807476919896953804e-01 2.333170496144080008e+00
4.285000000000000142e+00 3.261919608931917458e-01 2.352593039924230300e+00
4.339999999999999858e+00 3.062602498680083718e-01 2.367785294812870145e+00
4.395000000000000462e+00 1.539878399035561340e-01 2.385221442070049935e+00
4.450000000000000178e+00 1.679840046307988222e-01 2.406078605561233985e+00
4.504999999999999893e+00 5.392625385617425687e-02 2.428186463159473618e+00
4.559999999999999609e+00 -1.609120895471799831e-02 2.451839295831133025e+00
4.615000000000000213e+00 1.472233695002317898e-02 2.479244210823958294e+00
4.669999999999999929e+00 4.311769732597373755e-02 2.511320836157842074e+00
4.724999999999999645e+00 -2.228322947540915117e-02 2.549687717147797628e+00
4.780000000000000249e+00 3.142980060348569971e-02 2.582831110984757927e+00
4.834999999999999964e+00 -2.023143569340497827e-02 2.621860124149038018e+00
4.889999999999999680e+00 -2.155044598183622831e-02 2.658718815186367213e+00
4.945000000000000284e+00 6.222048424577334216e-03 2.695761431827676802e+00
5.000000000000000000e+00 4.271466640450862634e-02 2.733429395522512184e+00
