-5.000000000000000000e-01 -2.268626039687425544e-02 -3.053101082769896918e-02
-4.450000000000000067e-01 -2.424796799583086269e-03 -1.478697912712282660e-02
-3.900000000000000133e-01 5.018905803895237772e-02 -2.611104143733330302e-03
-3.349999999999999645e-01 -2.195347690330133605e-02 -8.454183455378746961e-04
-2.800000000000000266e-01 -5.606454852912064191e-02 -2.200712920103175792e-04
-2.249999999999999778e-01 4.755103746208987764e-02 1.913465714142524024e-03
-1.699999999999999845e-01 6.044802694897322137e-02 5.156311239044554995e-04
-1.149999999999999911e-01 -1.334327085381955755e-02 1.477799159470688246e-04
-5.999999999999999778e-02 -1.107164202374351369e-02 2.581352783342845967e-04
-5.000000000000004441e-03 6.352571762197949112e-02 1.435259143797921848e-03
5.000000000000004441e-02 6.751938766195188235e-02 4.590847018584595651e-02
1.049999999999999822e-01 6.748274848727323083e-02 9.979867215160309613e-02
1.600000000000000311e-01 -9.889574372845766348e-02 1.540567253253176394e-01
2.149999999999999689e-01 9.043264874833072814e-03 2.092344065189255253e-01
2.700000000000000178e-01 -8.816046554761440557e-02 2.663249139939120047e-01
3.249999999999999556e-01 9.880924283751546522e-02 3.180447938327204960e-01
3.800000000000000044e-01 1.147839229974050579e-01 3.729649791807582715e-01
4.350000000000000533e-01 1.028761912268451734e-01 4.250527102275243330e-01
4.899999999999999911e-01 1.215621703129545483e-01 4.808925235954554234e-01
5.449999999999999289e-01 1.432159225480342524e-01 5.360334196682678964e-01
6.000000000000000888e-01 1.712815303518769317e-01 5.909903901371014179e-01
6.550000000000000266e-01 1.570288914018837245e-01 6.455427242771817342e-01
7.099999999999999645e-01 8.430012966477166969e-02 6.971154636328075194e-01
7.649999999999999023e-01 1.761545405841368206e-01 7.561187973891723146e-01
8.200000000000000622e-01 6.044802694897322137e-02 8.108918422540271065e-01
8.750000000000000000e-01 2.106686431314212793e-01 8.655177466356989147e-01
9.299999999999999378e-01 1.236139640949587143e-01 9.192240229974775190e-01
9.850000000000000977e-01 9.609794391129565516e-02 9.718267457353835237e-01
1.040000000000000036e+00 1.514230976760509439e-01 1.026489435237851300e+00
1.094999999999999973e+00 2.513381270247181942e-01 1.083616727833633497e+00
1.149999999999999911e+00 2.391372818567291392e-01 1.135851599363582265e+00
1.205000000000000071e+00 2.372320447734395099e-01 1.190220007899684296e+00
1.260000000000000009e+00 2.057956328991614181e-01 1.245140193247721738e+00
1.314999999999999947e+00 1.572853656246342435e-01 1.301862849514751064e+00
1.370000000000000107e+00 3.083853219993697992e-01 1.355532340755733811e+00
1.425000000000000044e+00 2.454025807267775916e-01 1.409900749291835842e+00
1.479999999999999982e+00 3.308084969027010880e-01 1.462503472029741847e+00
1.535000000000000142e+00 3.165192187780292432e-01 1.519078987813588411e+00
1.589999999999999858e+00 2.673494463592864800e-01 1.570504586686030768e+00
1.645000000000000018e+00 2.871346006857551925e-01 1.626013333966799923e+00
1.700000000000000178e+00 2.855957553492521339e-01 1.683398122408152231e+00
1.754999999999999893e+00 2.770221884744489271e-01 1.738906869688921830e+00
1.810000000000000053e+00 3.099241673358729132e-01 1.792208509721947340e+00
1.865000000000000213e+00 4.036838153385276518e-01 1.849041521351363349e+00
1.919999999999999929e+00 4.089964956669313034e-01 1.904513483511337091e+00
1.975000000000000089e+00 4.277557531023980508e-01 1.958403685477094536e+00
2.029999999999999805e+00 4.414588044322116378e-01 2.009792499228741036e+00
2.084999999999999964e+00 4.144190935193710623e-01 2.066404800133383013e+00
2.140000000000000124e+00 4.555648866834902111e-01 2.121251415239829630e+00
2.194999999999999840e+00 4.809191955611131775e-01 2.173670212373757682e+00
2.250000000000000000e+00 4.040135679106355293e-01 2.230172157916011866e+00
2.305000000000000160e+00 4.170571140962334722e-01 2.286784458820653843e+00
2.359999999999999876e+00 3.542209295223558985e-01 2.341447148323121397e+00
2.415000000000000036e+00 4.387475055059918971e-01 2.394748788356146019e+00
2.470000000000000195e+00 4.679489277248725654e-01 2.447609006939623022e+00
2.524999999999999911e+00 5.543807407917981100e-01 2.500506010643895216e+00
2.580000000000000071e+00 5.701355859036159046e-01 2.555683691837502547e+00
2.635000000000000231e+00 5.131616692783215194e-01 2.610125670615196736e+00
2.689999999999999947e+00 4.149686811395506547e-01 2.667400103694161473e+00
2.745000000000000107e+00 5.112564321950319179e-01 2.721731727109467869e+00
2.799999999999999822e+00 4.997150921712585347e-01 2.774959796900901221e+00
2.854999999999999982e+00 6.308466983461321620e-01 2.829438560799390601e+00
2.910000000000000142e+00 6.271827808782676206e-01 2.883696613973104839e+00
2.964999999999999858e+00 5.869896062557929950e-01 2.914890396407892048e+00
3.020000000000000018e+00 6.432307393875144053e-01 2.913786842784018560e+00
3.075000000000000178e+00 6.492762032094910873e-01 2.916361801239720997e+00
3.129999999999999893e+00 5.239702258085221498e-01 2.914485760079138732e+00
3.185000000000000053e+00 6.679988214702790028e-01 2.916104305394151108e+00
3.240000000000000213e+00 6.480304712704171299e-01 2.915773239306989062e+00
3.294999999999999929e+00 6.443299146278737011e-01 2.915258247615848841e+00
3.350000000000000089e+00 4.414221652575329169e-01 2.913418991576062211e+00
3.404999999999999805e+00 6.625029452684820797e-01 2.917465354863593596e+00
3.459999999999999964e+00 6.002896266641415401e-01 2.914338619595955304e+00
3.514999999999999680e+00 5.496176480835742728e-01 2.915626098823805634e+00
3.570000000000000284e+00 6.141392346926696222e-01 2.915478958340623095e+00
3.625000000000000000e+00 4.263268252899308774e-01 2.917906776313141215e+00
3.679999999999999716e+00 5.053575250717700085e-01 2.921842784238286139e+00
3.735000000000000320e+00 5.787457919530978323e-01 2.920592090131231000e+00
3.790000000000000036e+00 6.289414612628425605e-01 2.925521296317859843e+00
3.844999999999999751e+00 6.051259977217227082e-01 2.927103056512077028e+00
3.900000000000000355e+00 5.797350496694211319e-01 2.933356527047352724e+00
3.955000000000000071e+00 5.071894838057022792e-01 2.937954667146819077e+00
4.009999999999999787e+00 6.018651111753232641e-01 2.943214939420609966e+00
4.065000000000000391e+00 4.246047840800344919e-01 2.946893451500184113e+00
4.120000000000000107e+00 4.517177733422323982e-01 2.953698698847395665e+00
4.174999999999999822e+00 4.831541852165105455e-01 2.959915384261875726e+00
4.230000000000000426e+00 4.177532584151277817e-01 2.967345978662614403e+00
4.285000000000000142e+00 4.080805162999652791e-01 2.974298366493009382e+00
4.339999999999999858e+00 3.904204341048578275e-01 2.980551837028283746e+00
4.395000000000000462e+00 4.177898975898064471e-01 2.985885679543666793e+00
4.450000000000000178e+00 3.971986814204073735e-01 2.994530182930665418e+00
4.504999999999999893e+00 3.189740434814984371e-01 3.000599727861962052e+00
4.559999999999999609e+00 3.138445590264880569e-01 3.008030322262701617e+00
4.615000000000000213e+00 2.886001676729010867e-01 3.017042676857657479e+00
4.669999999999999929e+00 2.833241265191760450e-01 3.021861527681898973e+00
4.724999999999999645e+00 3.174718373196739329e-01 3.031940650779931357e+00
4.780000000000000249e+00 3.056373838984713931e-01 3.040327658321360094e+00
4.834999999999999964e+00 7.642270710886282792e-02 3.046470773494248441e+00
4.889999999999999680e+00 1.849845816816904909e-01 3.056329185867507015e+00
4.945000000000000284e+00 2.423248900537713080e-01 3.067769358434980553e+00
5.000000000000000000e+00 2.044766226107301299e-01 3.072735349742405919e+00
