-5.000000000000000000e-01 -1.563826087992530312e-01 -3.343703537056232078e-02
-4.450000000000000067e-01 6.015491355154405778e-02 -1.500768985189725874e-02
-3.900000000000000133e-01 3.071079402213793951e-03 -4.854996512273387216e-03
-3.349999999999999645e-01 -1.601564437911535688e-01 -1.213269553495261452e-03
-2.800000000000000266e-01 3.956369738214508130e-02 -1.397195157473954613e-03
-2.249999999999999778e-01 9.093182028160656794e-02 -9.189885871293521124e-04
-1.699999999999999845e-01 1.032563598858567480e-02 -1.801831486227079481e-03
-1.149999999999999911e-01 -1.165786881860184608e-02 -4.039968959890111199e-04
-5.999999999999999778e-02 -3.880749725547843337e-02 -1.544335640656909446e-03
-5.000000000000004441e-03 6.734996870078381777e-03 -6.982778623549201888e-04
5.000000000000004441e-02 2.194025436171641655e-02 4.774772622563289159e-02
1.049999999999999822e-01 2.118460860569000570e-03 1.009390108962709698e-01
1.600000000000000311e-01 -9.958689871158996672e-04 1.531370973054241302e-01
2.149999999999999689e-01 3.384798613227631842e-02 2.078365719286875135e-01
2.700000000000000178e-01 1.585815136506120090e-02 2.632717489678657041e-01
3.249999999999999556e-01 -1.152734548098123812e-01 3.182287194366992811e-01
3.800000000000000044e-01 8.888002649960241586e-02 3.712360785033586574e-01
4.350000000000000533e-01 3.071079402213792216e-03 4.255677019186647203e-01
4.899999999999999911e-01 3.938050150875185146e-02 4.792004080388516107e-01
5.449999999999999289e-01 9.356984085846908883e-02 5.358862791850849128e-01
6.000000000000000888e-01 6.184031558676175711e-02 5.882682911982167751e-01
6.550000000000000266e-01 1.519864622084557242e-02 6.438873938413736120e-01
7.099999999999999645e-01 2.567745017893829224e-02 6.992122155181643706e-01
7.649999999999999023e-01 6.532103718123312419e-02 7.516310126520924229e-01
8.200000000000000622e-01 8.723126363906337499e-02 8.080226028319594800e-01
8.750000000000000000e-01 1.151503147441915176e-01 8.632370691463633339e-01
9.299999999999999378e-01 1.209026651687389320e-01 9.189297420311116626e-01
9.850000000000000977e-01 1.136847477570457066e-01 9.744384893118809288e-01
1.040000000000000036e+00 1.616820665860717876e-01 1.029064393693553070e+00
1.094999999999999973e+00 1.746523344223123997e-01 1.083064951021697420e+00
1.149999999999999911e+00 1.471729534133280337e-01 1.134821615981301601e+00
1.205000000000000071e+00 1.529619430125540580e-01 1.190882140074007278e+00
1.260000000000000009e+00 1.994936948544342725e-01 1.245250548610109087e+00
1.314999999999999947e+00 2.112915091009582580e-01 1.299729312508598023e+00
1.370000000000000107e+00 1.841418806640816586e-01 1.353913795440721213e+00
1.425000000000000044e+00 2.227229316006957838e-01 1.408576484943188989e+00
1.479999999999999982e+00 1.890515300710202129e-01 1.464747364398281793e+00
1.535000000000000142e+00 2.363527045811520400e-01 1.519152558055179014e+00
1.589999999999999858e+00 1.930085609363139942e-01 1.571424214705923639e+00
1.645000000000000018e+00 1.649429531324712039e-01 1.628220441214544456e+00
1.700000000000000178e+00 2.684119824249671660e-01 1.684722386756798862e+00
1.754999999999999893e+00 2.440835704383463312e-01 1.737766530944253818e+00
1.810000000000000053e+00 1.698159633647311206e-01 1.795224889627197395e+00
1.865000000000000213e+00 2.556615496367983797e-01 1.850292215458418266e+00
1.919999999999999929e+00 2.683753432502885561e-01 1.902858153075528636e+00
1.975000000000000089e+00 3.190839610055343778e-01 1.958771536685051995e+00
2.029999999999999805e+00 3.060404148199364904e-01 2.012735308892400710e+00
2.084999999999999964e+00 3.190839610055343778e-01 2.070009741971365891e+00
2.140000000000000124e+00 3.257889299717267040e-01 2.122686034950863387e+00
2.194999999999999840e+00 2.771321059984848678e-01 2.176098030346275802e+00
2.250000000000000000e+00 3.061136931692938212e-01 2.230429653761581754e+00
2.305000000000000160e+00 3.117194868951265740e-01 2.285791260559168592e+00
2.359999999999999876e+00 3.262652392425489101e-01 2.341888569772669904e+00
2.415000000000000036e+00 3.227112392987203093e-01 2.394932713960125525e+00
2.470000000000000195e+00 2.730285184344765637e-01 2.448418279597129210e+00
2.524999999999999911e+00 2.996651984258520973e-01 2.501499208905380023e+00
2.580000000000000071e+00 3.522057749150301897e-01 2.556860815702966860e+00
2.635000000000000231e+00 3.394187029521828491e-01 2.612112067138165905e+00
2.689999999999999947e+00 3.704520839049959546e-01 2.666811541761429538e+00
2.745000000000000107e+00 3.929118979830057978e-01 2.722099578317424218e+00
2.799999999999999822e+00 3.536713419021761950e-01 2.777681895839786197e+00
2.854999999999999982e+00 4.004595679668067620e-01 2.831535312684747563e+00
2.910000000000000142e+00 3.978215473899443522e-01 2.862177318307598028e+00
2.964999999999999858e+00 4.292213200895437786e-01 2.862214103428393219e+00
3.020000000000000018e+00 3.982245783114095605e-01 2.861110549804521064e+00
3.075000000000000178e+00 3.493479192900960095e-01 2.863170516569082835e+00
3.129999999999999893e+00 4.414588044322115823e-01 2.861036979562929794e+00
3.185000000000000053e+00 3.962094237040839628e-01 2.859565574731100401e+00
3.240000000000000213e+00 3.415437750835444430e-01 2.862066962945210680e+00
3.294999999999999929e+00 3.795385992253000884e-01 2.864016574347384658e+00
3.350000000000000089e+00 4.397001240476366979e-01 2.862692309998737361e+00
3.404999999999999805e+00 4.232857737916033147e-01 2.864752276763299133e+00
3.459999999999999964e+00 3.911532175984308024e-01 2.859933425939058083e+00
3.514999999999999680e+00 4.259604335431445010e-01 2.863759078501813882e+00
3.570000000000000284e+00 4.623431339990397571e-01 2.863428012414652724e+00
3.625000000000000000e+00 4.196584954984172722e-01 2.867989367393324773e+00
3.679999999999999716e+00 3.905303516288938792e-01 2.868541144205259741e+00
3.735000000000000320e+00 3.751052590891840177e-01 2.870895391936187480e+00
3.790000000000000036e+00 4.282687015478992554e-01 2.870453970486638973e+00
3.844999999999999751e+00 3.480655481763432757e-01 2.878362771457723124e+00
3.900000000000000355e+00 3.046481261821479825e-01 2.882850556194803460e+00
3.955000000000000071e+00 3.643333417336620528e-01 2.891237563736231309e+00
4.009999999999999787e+00 3.396751771749334514e-01 2.890244365474746502e+00
4.065000000000000391e+00 3.399316513976838872e-01 2.897343893788325353e+00
4.120000000000000107e+00 3.321641463658109306e-01 2.903339868478029384e+00
4.174999999999999822e+00 3.131117755329151375e-01 2.909078347322164859e+00
4.230000000000000426e+00 2.837637966153198077e-01 2.913308636213674419e+00
4.285000000000000142e+00 2.902855697081187514e-01 2.919562106748950558e+00
4.339999999999999858e+00 2.639420031141723744e-01 2.927360552357646917e+00
4.395000000000000462e+00 2.267898799900254503e-01 2.933724378255309961e+00
4.450000000000000178e+00 2.308201892046764792e-01 2.938469658837959297e+00
4.504999999999999893e+00 2.180697564165077762e-01 2.946525600292225988e+00
4.559999999999999609e+00 1.742126643261686647e-01 2.951565161841242624e+00
4.615000000000000213e+00 2.022049937806541242e-01 2.960798227160974072e+00
4.669999999999999929e+00 1.333599845594785060e-01 2.968081681078528877e+00
4.724999999999999645e+00 1.421167473076749010e-01 2.977130820794281707e+00
4.780000000000000249e+00 1.592638810572811203e-01 2.986179960510033204e+00
4.834999999999999964e+00 1.786826436369634841e-01 2.991293092300641110e+00
4.889999999999999680e+00 1.363277577084488212e-01 2.998135124768647408e+00
4.945000000000000284e+00 1.311249949040811380e-01 3.009759222940101342e+00
5.000000000000000000e+00 4.304441897661644145e-02 3.017704809031981128e+00
