-5.000000000000000000e-01 -6.093755876138053779e-02 -3.928586957708476990e-02
-4.450000000000000067e-01 -5.980174434634252800e-02 -1.993689603852624032e-02
-3.900000000000000133e-01 -7.434749669376493342e-02 -1.015205390685975512e-02
-3.349999999999999645e-01 1.080194525940806824e-02 -8.349582987868560749e-03
-2.800000000000000266e-01 1.593142971441849007e-02 -7.908161538319696468e-03
-2.249999999999999778e-01 2.637359449783256704e-02 -6.767822793651799389e-03
-1.699999999999999845e-01 1.131489370490911320e-02 -6.841393035243275612e-03
-1.149999999999999911e-01 7.760893761080464755e-03 -6.767822793651799389e-03
-5.999999999999999778e-02 -8.211500172563784838e-02 -5.884979894554070827e-03
-5.000000000000004441e-03 -1.169450799328049413e-02 -7.429954967975095810e-03
5.000000000000004441e-02 -7.716871314402067028e-02 4.156782593194879166e-02
1.049999999999999822e-01 -1.077852862631434490e-02 9.251521823404684763e-02
1.600000000000000311e-01 8.517946985705919516e-02 1.486860976891397623e-01
2.149999999999999689e-01 4.667169726980236605e-02 2.036062830371775656e-01
2.700000000000000178e-01 1.731501282604878955e-01 2.586736088683983525e-01
3.249999999999999556e-01 2.244083336359135039e-01 3.115706125726705467e-01
3.800000000000000044e-01 2.372320447734395099e-01 3.675943515445804222e-01
4.350000000000000533e-01 2.057589937244827250e-01 4.218524047182951042e-01
4.899999999999999911e-01 2.746040029456583431e-01 4.761104578920095642e-01
5.449999999999999289e-01 3.510699604999922840e-01 5.324284778302854626e-01
6.000000000000000888e-01 4.000198978706631658e-01 5.880107953526465536e-01
6.550000000000000266e-01 4.788674017791090254e-01 6.420113526807907922e-01
7.099999999999999645e-01 5.225046588213763110e-01 6.971522487536032653e-01
7.649999999999999023e-01 5.155432156324335491e-01 7.513735168065220904e-01
8.200000000000000622e-01 5.629176684919227069e-01 8.077651069863893696e-01
8.750000000000000000e-01 6.121240800853441355e-01 8.605149702074784690e-01
9.299999999999999378e-01 6.612938525040867876e-01 9.140373209652782327e-01
9.850000000000000977e-01 7.191837484963473637e-01 9.728935142384601553e-01
1.040000000000000036e+00 7.214553773264233971e-01 1.025680162580345334e+00
1.094999999999999973e+00 7.628210055386142052e-01 1.076002207828915536e+00
1.149999999999999911e+00 8.066780976289537053e-01 1.134343409410957237e+00
1.205000000000000071e+00 8.648611070186432714e-01 1.189999297174909598e+00
1.260000000000000009e+00 9.037352713526864978e-01 1.244956267643743120e+00
1.314999999999999947e+00 9.049810032917604552e-01 1.298368263039155535e+00
1.370000000000000107e+00 8.865148592537230865e-01 1.355936977084486461e+00
1.425000000000000044e+00 1.021823331341962016e+00 1.409716823687857001e+00
1.479999999999999982e+00 9.460168789318440519e-01 1.465335926331013727e+00
1.535000000000000142e+00 1.073557845988210024e+00 1.519410053900749569e+00
1.589999999999999858e+00 1.051317866958272340e+00 1.574882016060723089e+00
1.645000000000000018e+00 1.124229824568777403e+00 1.628477937060114789e+00
1.700000000000000178e+00 1.166328236274541741e+00 1.685752370139079526e+00
1.754999999999999893e+00 1.192671802868487951e+00 1.739826497708815589e+00
1.810000000000000053e+00 1.160795720898065930e+00 1.796733079579823089e+00
1.865000000000000213e+00 1.297533120798772588e+00 1.850108289854440091e+00
1.919999999999999929e+00 1.289069471448004878e+00 1.907272367571017258e+00
1.975000000000000089e+00 1.326478068794902487e+00 1.959396883738579342e+00
2.029999999999999805e+00 1.411407675700003583e+00 2.014832060777757228e+00
2.084999999999999964e+00 1.420640747719022379e+00 2.068207271052374008e+00
2.140000000000000124e+00 1.474133942749845216e+00 2.124598861232241731e+00
2.194999999999999840e+00 1.401515098536769477e+00 2.179077625130730667e+00
2.250000000000000000e+00 1.502382746427081361e+00 2.231753918110228163e+00
2.305000000000000160e+00 1.537080044847758842e+00 2.288035152927708538e+00
2.359999999999999876e+00 1.472778293286735263e+00 2.297047507522664844e+00
2.415000000000000036e+00 1.536750292275651519e+00 2.294104697859005615e+00
2.470000000000000195e+00 1.574305446321262902e+00 2.295612887811631087e+00
2.524999999999999911e+00 1.579361652426916285e+00 2.294766830033328375e+00
2.580000000000000071e+00 1.575221425688229315e+00 2.296495730710728544e+00
2.635000000000000231e+00 1.517404808045326625e+00 2.294509334187758931e+00
2.689999999999999947e+00 1.532903178934393651e+00 2.297488928972213351e+00
2.745000000000000107e+00 1.536603735576936636e+00 2.295061110999694787e+00
2.799999999999999822e+00 1.565292209350316321e+00 2.295723243174017991e+00
2.854999999999999982e+00 1.537886106690689259e+00 2.295796813415609261e+00
2.910000000000000142e+00 1.572729961810081400e+00 2.296606086073116337e+00
2.964999999999999858e+00 1.562837384646847072e+00 2.297525714093008986e+00
3.020000000000000018e+00 1.514034003974890963e+00 2.299033904045634458e+00
3.075000000000000178e+00 1.518833735857793465e+00 2.304625242406587393e+00
3.129999999999999893e+00 1.526967632636452521e+00 2.309959084921969552e+00
3.185000000000000053e+00 1.444163097862713130e+00 2.316286125698836074e+00
3.240000000000000213e+00 1.422765819850384084e+00 2.324415637394694478e+00
3.294999999999999929e+00 1.400012892374944862e+00 2.333317636627263880e+00
3.350000000000000089e+00 1.327943635782048437e+00 2.340711445907206478e+00
3.404999999999999805e+00 1.363007325949512349e+00 2.351746982145928477e+00
3.459999999999999964e+00 1.296324028034377074e+00 2.360906477224067324e+00
3.514999999999999680e+00 1.294528708475123580e+00 2.374038765348145397e+00
3.570000000000000284e+00 1.183438730849469156e+00 2.382499343131165848e+00
3.625000000000000000e+00 1.213006544815136367e+00 2.395999482463201602e+00
3.679999999999999716e+00 1.122690979232274344e+00 2.406299316286008239e+00
3.735000000000000320e+00 1.105104175386524057e+00 2.418622331752581012e+00
3.790000000000000036e+00 1.016657207712273081e+00 2.429106091179366711e+00
3.844999999999999751e+00 9.173650443331429205e-01 2.442532660269810751e+00
3.900000000000000355e+00 9.004743848062871647e-01 2.455407452548319380e+00
3.955000000000000071e+00 8.758162202475583413e-01 2.468650096034785246e+00
4.009999999999999787e+00 8.191720561943718337e-01 2.484578053339340453e+00
4.065000000000000391e+00 8.029409018117318331e-01 2.497158564651483115e+00
4.120000000000000107e+00 7.867097474290916104e-01 2.509702290842829697e+00
4.174999999999999822e+00 7.180479340813090694e-01 2.521657455101444345e+00
4.230000000000000426e+00 6.668996462299197070e-01 2.537254346318837950e+00
4.285000000000000142e+00 6.237386984584748495e-01 2.550165923718141769e+00
4.339999999999999858e+00 5.591438335000220583e-01 2.566792798317816260e+00
4.395000000000000462e+00 5.318476483644309916e-01 2.579189384025979859e+00
4.450000000000000178e+00 4.015587432071662799e-01 2.597103737853505123e+00
4.504999999999999893e+00 3.594236923267235539e-01 2.613215620762038505e+00
4.559999999999999609e+00 3.768273002990803477e-01 2.629290718549776251e+00
4.615000000000000213e+00 2.524739414397562109e-01 2.645991163391041567e+00
4.669999999999999929e+00 2.916778583459072594e-01 2.663831946976975118e+00
4.724999999999999645e+00 2.289515912960656263e-01 2.683364846119512315e+00
4.780000000000000249e+00 1.321142526204045486e-01 2.701610266034198737e+00
4.834999999999999964e+00 7.129322265385241997e-02 2.725226313585062510e+00
4.889999999999999680e+00 7.909736686040397258e-02 2.745274204418740371e+00
4.945000000000000284e+00 3.809813039499924253e-02 2.767713128104141163e+00
5.000000000000000000e+00 4.319097567533101284e-02 2.793904134110707371e+00
