-5.000000000000000000e-01 -5.795600870018506601e-03 -3.671091112138306911e-02
-4.450000000000000067e-01 -6.418466839555487038e-03 -1.857584656908390849e-02
-3.900000000000000133e-01 -6.858136935699237630e-03 -8.349582987868560749e-03
-3.349999999999999645e-01 7.431141188972651378e-03 -6.216045981715719038e-03
-2.800000000000000266e-01 -9.129765765775281483e-03 -5.774624532166856491e-03
-2.249999999999999778e-01 -2.122069340972841667e-02 -4.854996512273388083e-03
-1.699999999999999845e-01 -1.499203371435862270e-02 -1.912186848614295985e-03
-1.149999999999999911e-01 -6.271910140840903508e-03 -3.677872646809751591e-03
-5.999999999999999778e-02 2.448213432676813080e-03 -7.209244243200661935e-03
-5.000000000000004441e-03 -2.770582732784874005e-02 -4.781426270681910125e-03
5.000000000000004441e-02 1.252398646930442602e-02 4.197246226070190656e-02
1.049999999999999822e-01 4.670833644448101757e-02 9.512696181054426658e-02
1.600000000000000311e-01 8.525274820641647044e-02 1.489068084139142101e-01
2.149999999999999689e-01 9.532852124304409813e-02 2.048201920234369311e-01
2.700000000000000178e-01 1.389291391106326767e-01 2.602921541834108399e-01
3.249999999999999556e-01 1.837388497426165335e-01 3.137777198204148577e-01
3.800000000000000044e-01 2.215871171856577670e-01 3.681461283565166109e-01
4.350000000000000533e-01 2.653342917519608823e-01 4.222938261678438332e-01
4.899999999999999911e-01 2.952684974644145810e-01 4.762575983751925479e-01
5.449999999999999289e-01 3.447313832805865563e-01 5.312881390856175612e-01
6.000000000000000888e-01 3.805278569416235546e-01 5.852886964137619108e-01
6.550000000000000266e-01 4.038670112119209232e-01 6.421217080431782520e-01
7.099999999999999645e-01 4.295877118363304326e-01 6.958647695257526022e-01
7.649999999999999023e-01 4.736646389747412589e-01 7.496814012499180002e-01
8.200000000000000622e-01 5.331666586528622798e-01 8.038290990612454445e-01
8.750000000000000000e-01 5.650061014486055244e-01 8.591171356172402351e-01
9.299999999999999378e-01 5.935480185232706596e-01 9.155455109179033713e-01
9.850000000000000977e-01 6.257538530658002252e-01 9.687000104677460088e-01
1.040000000000000036e+00 6.764624708210462689e-01 1.022737352916685882e+00
1.094999999999999973e+00 7.091079754597198193e-01 1.076885050728013216e+00
1.149999999999999911e+00 7.582411087037839170e-01 1.129782054432285410e+00
1.205000000000000071e+00 7.782094589036460119e-01 1.185695438041808103e+00
1.260000000000000009e+00 8.321056848559338359e-01 1.239953491215522785e+00
1.314999999999999947e+00 8.731049213213385451e-01 1.293144775886160946e+00
1.370000000000000107e+00 9.083518073621960065e-01 1.346152134952820489e+00
1.425000000000000044e+00 9.486915386833849606e-01 1.401918378079160199e+00
1.479999999999999982e+00 9.592802601655140426e-01 1.457169629514359688e+00
1.535000000000000142e+00 1.012150589226799680e+00 1.513083013123882159e+00
1.589999999999999858e+00 1.033621145588486057e+00 1.566163942432132750e+00
1.645000000000000018e+00 1.082754278832550598e+00 1.622445177249613124e+00
1.700000000000000178e+00 1.132546917220830007e+00 1.675967528007413110e+00
1.754999999999999893e+00 1.160832360072744818e+00 1.730335936543515141e+00
1.810000000000000053e+00 1.206777885119766580e+00 1.786985022568951864e+00
1.865000000000000213e+00 1.199340132660001279e+00 1.813249598817109565e+00
1.919999999999999929e+00 1.201135452219255217e+00 1.815235995340079400e+00
1.975000000000000089e+00 1.211504338653311752e+00 1.814500292924164704e+00
2.029999999999999805e+00 1.226453121922199241e+00 1.815088854856896639e+00
2.084999999999999964e+00 1.202784215079794272e+00 1.814206011957798514e+00
2.140000000000000124e+00 1.221653390039296738e+00 1.816265978722360286e+00
2.194999999999999840e+00 1.225830255952662373e+00 1.811704623743688902e+00
2.250000000000000000e+00 1.219125286986470158e+00 1.812182830314033044e+00
2.305000000000000160e+00 1.225756977603305264e+00 1.813323169058700612e+00
2.359999999999999876e+00 1.219784792130685913e+00 1.816597044809521444e+00
2.415000000000000036e+00 1.210918111858453550e+00 1.813801375629045642e+00
2.470000000000000195e+00 1.211357781954597090e+00 1.812293185676421059e+00
2.524999999999999911e+00 1.203370441874652697e+00 1.816560259688726031e+00
2.580000000000000071e+00 1.193258029663346154e+00 1.816633829930317745e+00
2.635000000000000231e+00 1.172117225873767321e+00 1.821231970029784986e+00
2.689999999999999947e+00 1.143428752100387635e+00 1.825756539887660734e+00
2.745000000000000107e+00 1.102612711508376142e+00 1.831568588973387701e+00
2.799999999999999822e+00 1.065900258480373175e+00 1.836939216609565495e+00
2.854999999999999982e+00 1.027795516814581367e+00 1.840985579897096658e+00
2.910000000000000142e+00 9.809340124005934136e-01 1.848195463573061081e+00
2.964999999999999858e+00 9.409973120008694458e-01 1.855478917490617885e+00
3.020000000000000018e+00 8.969203848624582864e-01 1.861254181455548995e+00
3.075000000000000178e+00 8.396167156650561347e-01 1.870303321171300270e+00
3.129999999999999893e+00 7.988006750730449745e-01 1.877329279243286297e+00
3.185000000000000053e+00 7.358179338004526837e-01 1.888401600602803709e+00
3.240000000000000213e+00 6.674858730247780203e-01 1.895574699157972498e+00
3.294999999999999929e+00 6.142857913913842838e-01 1.906573450275898196e+00
3.350000000000000089e+00 5.820066784994970543e-01 1.914187970280617046e+00
3.404999999999999805e+00 5.279272566738159034e-01 1.921103572990215502e+00
3.459999999999999964e+00 4.754599585339949197e-01 1.931771258020979598e+00
3.514999999999999680e+00 4.182662068606287642e-01 1.942328587689356789e+00
3.570000000000000284e+00 3.670812798345604033e-01 1.953143413203303647e+00
3.625000000000000000e+00 3.166657754767437938e-01 1.964510015529187026e+00
3.679999999999999716e+00 2.597284980261281295e-01 1.975766262492683056e+00
3.735000000000000320e+00 2.050262102309098611e-01 1.988199633321642956e+00
3.790000000000000036e+00 1.589341284851732983e-01 2.002545830431980534e+00
3.844999999999999751e+00 1.052577375809571197e-01 2.014795275656962037e+00
3.900000000000000355e+00 5.832295481761176625e-02 2.032819984846873318e+00
3.955000000000000071e+00 4.212843960965027834e-02 2.052316098868615324e+00
4.009999999999999787e+00 2.303942960207578522e-02 2.076594278593802745e+00
4.065000000000000391e+00 1.025235763922838217e-02 2.100725317835807182e+00
4.120000000000000107e+00 -9.789270909990904768e-03 2.134236562880725163e+00
4.174999999999999822e+00 -5.561988909721484256e-04 2.171463105126012927e+00
4.230000000000000426e+00 4.330588253512911634e-04 2.205526126982866764e+00
4.285000000000000142e+00 -1.011902348209871814e-02 2.241354834637916404e+00
4.339999999999999858e+00 -8.213786398809133985e-03 2.279942426352646212e+00
4.395000000000000462e+00 -6.088714267447673661e-03 2.314226158934274746e+00
4.450000000000000178e+00 -1.531679695070435273e-04 2.351783767266724112e+00
4.504999999999999893e+00 -2.089094083762060849e-02 2.387722830284160214e+00
4.559999999999999609e+00 -2.177028102990810621e-02 2.421565141416239797e+00
4.615000000000000213e+00 -1.092508532502893190e-02 2.460851650426088888e+00
4.669999999999999929e+00 -1.435539083259650475e-03 2.498335688516946540e+00
4.724999999999999645e+00 -8.506899796238302780e-03 2.533391908635285628e+00
4.780000000000000249e+00 -1.911848354082045648e-03 2.570692021122165105e+00
4.834999999999999964e+00 -1.631104400278987274e-02 2.609022116991323692e+00
4.889999999999999680e+00 -2.338240471576852331e-02 2.644482973438416540e+00
4.945000000000000284e+00 -7.847394652022676026e-03 2.683328060998716680e+00
5.000000000000000000e+00 2.668048480748689243e-03 2.719414264499336653e+00
