-5.000000000000000000e-01 2.128074921750078979e-02 -3.689483672536175707e-02
-4.450000000000000067e-01 -3.624275502797321552e-02 -1.629516907974810913e-02
-3.900000000000000133e-01 -5.412267227115241663e-02 -8.570293712642991155e-03
-3.349999999999999645e-01 3.003751196569715357e-02 -6.142475740124241947e-03
-2.800000000000000266e-01 -9.515854791123579126e-02 -4.192864337950092529e-03
-2.249999999999999778e-01 -9.973844474606652355e-02 -2.978955351690716624e-03
-1.699999999999999845e-01 -1.316007498042632944e-02 -6.068905498532763988e-03
-1.149999999999999911e-01 -5.782322891369563733e-02 -5.186062599435037161e-03
-5.999999999999999778e-02 1.915567708613932774e-02 -5.149277478639295580e-03
-5.000000000000004441e-03 2.564081100425965459e-02 -5.737839411371116645e-03
5.000000000000004441e-02 6.140064549061801519e-02 3.958142940897891454e-02
1.049999999999999822e-01 5.894582078714874496e-02 9.457518499860820271e-02
1.600000000000000311e-01 9.514532536965086829e-02 1.501942876417650397e-01
2.149999999999999689e-01 8.235825340680345830e-02 2.043052003322966270e-01
2.700000000000000178e-01 2.027545814008337721e-01 2.605128649081853154e-01
3.249999999999999556e-01 1.668481902157608332e-01 3.136673644580276199e-01
3.800000000000000044e-01 2.817486420079943210e-01 3.676311366653762236e-01
4.350000000000000533e-01 4.055524132471387544e-01 4.232502393085331160e-01
4.899999999999999911e-01 3.195236311016781960e-01 4.755218959592777406e-01
5.449999999999999289e-01 5.057971951679137712e-01 5.323916927094897167e-01
6.000000000000000888e-01 5.625146375704576096e-01 5.857301178633108618e-01
6.550000000000000266e-01 5.539410706956543473e-01 6.392892537419061494e-01
7.099999999999999645e-01 5.620749674743138469e-01 6.940990837275569092e-01
7.649999999999999023e-01 6.841566975035618947e-01 7.486514178676371145e-01
8.200000000000000622e-01 7.414603667009640464e-01 8.079858177111636230e-01
8.750000000000000000e-01 6.452092548201612265e-01 8.606988958114570876e-01
9.299999999999999378e-01 8.189155819716212870e-01 9.136694697573208845e-01
9.850000000000000977e-01 8.281852931653186367e-01 9.684792997429714223e-01
1.040000000000000036e+00 8.763658078677381003e-01 1.021118807601673506e+00
1.094999999999999973e+00 8.330583033975789142e-01 1.075818282224936917e+00
1.149999999999999911e+00 9.528684045967507066e-01 1.131584525351276627e+00
1.205000000000000071e+00 1.028821413705583776e+00 1.184996520746689264e+00
1.260000000000000009e+00 1.049485908224339736e+00 1.240873119235416322e+00
1.314999999999999947e+00 1.136906979007588969e+00 1.295609378979475368e+00
1.370000000000000107e+00 1.137346649103732732e+00 1.350161713119555795e+00
1.425000000000000044e+00 1.089972196244243463e+00 1.402139088803934452e+00
1.479999999999999982e+00 1.278480749965876351e+00 1.460553860627567646e+00
1.535000000000000142e+00 1.285552110678855220e+00 1.513781930419001220e+00
1.589999999999999858e+00 1.356265717808641691e+00 1.568702115767039107e+00
1.645000000000000018e+00 1.268771368676035349e+00 1.622298036766430362e+00
1.700000000000000178e+00 1.406314830419671758e+00 1.678468916221523610e+00
1.754999999999999893e+00 1.466256520193936819e+00 1.731292349684203868e+00
1.810000000000000053e+00 1.495348024888781380e+00 1.785219336770756948e+00
1.865000000000000213e+00 1.519639797700723216e+00 1.843634108594389698e+00
1.919999999999999929e+00 1.578372394710593207e+00 1.899069285633567805e+00
1.975000000000000089e+00 1.531767364519355246e+00 1.952150214941819062e+00
2.029999999999999805e+00 1.688033444523779902e+00 2.004789722800520924e+00
2.084999999999999964e+00 1.722987217167208707e+00 2.044296942535144268e+00
2.140000000000000124e+00 1.681438393081623905e+00 2.046798330749254102e+00
2.194999999999999840e+00 1.743321959113857123e+00 2.048085809977105320e+00
2.250000000000000000e+00 1.728666289242398513e+00 2.047570818285965100e+00
2.305000000000000160e+00 1.639559816423931116e+00 2.045437281279812503e+00
2.359999999999999876e+00 1.742112866349460942e+00 2.048343305822676097e+00
2.415000000000000036e+00 1.672718269508106204e+00 2.045915487850157088e+00
2.470000000000000195e+00 1.745263835371824834e+00 2.044333727655939903e+00
2.524999999999999911e+00 1.684076413658486038e+00 2.046062628333339628e+00
2.580000000000000071e+00 1.652530084260172005e+00 2.048343305822675209e+00
2.635000000000000231e+00 1.657109981095002738e+00 2.049888280896097204e+00
2.689999999999999947e+00 1.607500538580116434e+00 2.047681173648352004e+00
2.745000000000000107e+00 1.730095217054865797e+00 2.049373289204956095e+00
2.799999999999999822e+00 1.720972062559882776e+00 2.053897859062832065e+00
2.854999999999999982e+00 1.677737836439080699e+00 2.054633561478746540e+00
2.910000000000000142e+00 1.658575548082148465e+00 2.061402023705163344e+00
2.964999999999999858e+00 1.586103260567787165e+00 2.067361213274072629e+00
3.020000000000000018e+00 1.557817817715872799e+00 2.080272790673376893e+00
3.075000000000000178e+00 1.517734560617433948e+00 2.083362740820219106e+00
3.129999999999999893e+00 1.517734560617434170e+00 2.093846500247004361e+00
3.185000000000000053e+00 1.461566705835069646e+00 2.104109548949015362e+00
3.240000000000000213e+00 1.290205285863043283e+00 2.112459771369648021e+00
3.294999999999999929e+00 1.308011924756865341e+00 2.121472125964604771e+00
3.350000000000000089e+00 1.312005594796837871e+00 2.133427290223218975e+00
3.404999999999999805e+00 1.197398256402033345e+00 2.143837479408413405e+00
3.459999999999999964e+00 1.072861701669315826e+00 2.155277651975887832e+00
3.514999999999999680e+00 1.157461556002309155e+00 2.164657857778801375e+00
3.570000000000000284e+00 1.082607722133835715e+00 2.176281955950254421e+00
3.625000000000000000e+00 9.811904866233438494e-01 2.190407442335818189e+00
3.679999999999999716e+00 9.643731054458456464e-01 2.198978375481225545e+00
3.735000000000000320e+00 8.267930045275301287e-01 2.211301390947797874e+00
3.790000000000000036e+00 8.443065300239229742e-01 2.225279736850178658e+00
3.844999999999999751e+00 7.283069029913301629e-01 2.237749892799933971e+00
3.900000000000000355e+00 7.174250681117723127e-01 2.251912164306293374e+00
3.955000000000000071e+00 6.245813994760837096e-01 2.263756973202521561e+00
4.009999999999999787e+00 6.174367604137478427e-01 2.278471021520816375e+00
4.065000000000000391e+00 5.120258548632835582e-01 2.293368995443091141e+00
4.120000000000000107e+00 4.172036707949480783e-01 2.305949506755233802e+00
4.174999999999999822e+00 4.243483098572840007e-01 2.319854282416022428e+00
4.230000000000000426e+00 3.101806415586234600e-01 2.336922578465244982e+00
4.285000000000000142e+00 2.180697564165076929e-01 2.353402312581736489e+00
4.339999999999999858e+00 2.600948897729146170e-01 2.368116360900031747e+00
4.395000000000000462e+00 6.891167629974041808e-02 2.386582491539492423e+00
4.450000000000000178e+00 9.547507794175869034e-02 2.408359283050569566e+00
4.504999999999999893e+00 1.146740054733691172e-01 2.426089711274115768e+00
4.559999999999999609e+00 -5.958190929827061888e-02 2.453053204817392086e+00
4.615000000000000213e+00 -8.522933157332275578e-02 2.483548069957059568e+00
4.669999999999999929e+00 -1.048679292010769454e-01 2.511946183211370087e+00
4.724999999999999645e+00 4.062623344782580193e-02 2.549871642751775802e+00
4.780000000000000249e+00 1.033062532434770003e-04 2.585295714078073015e+00
4.834999999999999964e+00 2.604384192572475193e-02 2.621087636612326133e+00
4.889999999999999680e+00 2.663006872058308258e-02 2.661440914125252188e+00
4.945000000000000284e+00 -8.287064748166426617e-03 2.695687861586084644e+00
5.000000000000000000e+00 2.311270795143308132e-02 2.733834031851265944e+00
