-5.000000000000000000e-01 -2.283281709558883724e-02 -4.634861276986661227e-02
-4.450000000000000067e-01 -2.635017786473884543e-02 -2.802962261358873594e-02
-3.900000000000000133e-01 -2.096421918697790460e-02 -1.887012753544981686e-02
-3.349999999999999645e-01 -1.971848724790394025e-02 -1.449269816075691823e-02
-2.800000000000000266e-01 -1.957193054918935846e-02 -1.636873932133958709e-02
-2.249999999999999778e-01 -2.587386859391644506e-02 -1.629516907974811260e-02
-1.699999999999999845e-01 -2.253970369815966671e-02 -1.600088811338219730e-02
-1.149999999999999911e-01 -2.191683772862269494e-02 -1.504447497269299598e-02
-5.999999999999999778e-02 -2.312593049301801471e-02 -1.636873932133958709e-02
-5.000000000000004441e-03 -2.393199233594821285e-02 -1.589053275099498383e-02
5.000000000000004441e-02 -2.023143569340498174e-02 2.769983539195532488e-02
1.049999999999999822e-01 -1.946201302515341430e-02 8.718137571866474422e-02
1.600000000000000311e-01 -1.334327085381955928e-02 1.386805448326988432e-01
2.149999999999999689e-01 -8.287064748166426617e-03 1.946674986838131116e-01
2.700000000000000178e-01 -2.681271022333608315e-03 2.521626424875526018e-01
3.249999999999999556e-01 4.829759786788795015e-03 3.039928776887483308e-01
3.800000000000000044e-01 1.501545034745234951e-02 3.574048730841609678e-01
4.350000000000000533e-01 1.710388330413516525e-02 4.142010995927813966e-01
4.899999999999999911e-01 2.501794503472267242e-02 4.712180368261764118e-01
5.449999999999999289e-01 3.260225419320236101e-02 5.236000488393082186e-01
6.000000000000000888e-01 3.912402728600133245e-02 5.809112670390690347e-01
6.550000000000000266e-01 4.330089319936695352e-02 6.346911136424389088e-01
7.099999999999999645e-01 5.154470750206228274e-02 6.889123816953577339e-01
7.649999999999999023e-01 5.846951151632633070e-02 7.458557486871610909e-01
8.200000000000000622e-01 6.378219184472999626e-02 7.994884548073482033e-01
8.750000000000000000e-01 6.968109896799198899e-02 8.550707723297092944e-01
9.299999999999999378e-01 7.807146996940186878e-02 9.098438171945639752e-01
9.850000000000000977e-01 8.393373791798523775e-02 9.648007876633978297e-01
1.040000000000000036e+00 9.129821202839304151e-02 1.016447097260614552e+00
1.094999999999999973e+00 9.760015007312011770e-02 1.075413645896183823e+00
1.149999999999999911e+00 1.025830778294159751e-01 1.128089938875681542e+00
1.205000000000000071e+00 1.113032014029336769e-01 1.182347992049396002e+00
1.260000000000000009e+00 1.165059642073014018e-01 1.240725978752233116e+00
1.314999999999999947e+00 1.240169950164237977e-01 1.292997635402977519e+00
1.370000000000000107e+00 1.267282939426435939e-01 1.350970985777062205e+00
1.425000000000000044e+00 1.376834071715587193e-01 1.404125485326904732e+00
1.479999999999999982e+00 1.446082111858227603e-01 1.459818158211652728e+00
1.535000000000000142e+00 1.476859018588290162e-01 1.516062607908336801e+00
1.589999999999999858e+00 1.570288914018837245e-01 1.567745702626349935e+00
1.645000000000000018e+00 1.625980459530378952e-01 1.624358003530991690e+00
1.700000000000000178e+00 1.658222933247587016e-01 1.677990709651178580e+00
1.754999999999999893e+00 1.770705199511030115e-01 1.732616614032850277e+00
1.810000000000000053e+00 1.846548291095826966e-01 1.788198931555211368e+00
1.865000000000000213e+00 1.897110352152358015e-01 1.843818034198368316e+00
1.919999999999999929e+00 1.962694474827133828e-01 1.897303599835372445e+00
1.975000000000000089e+00 2.017286845098316961e-01 1.953695190015239724e+00
2.029999999999999805e+00 2.061253854712691569e-01 2.009167152175213911e+00
2.084999999999999964e+00 2.185460656873302043e-01 2.064197692885638702e+00
2.140000000000000124e+00 2.226130140766598986e-01 2.117021126348319626e+00
2.194999999999999840e+00 2.295378180909239119e-01 2.173339146286595636e+00
2.250000000000000000e+00 2.310033850780697506e-01 2.228185761393041808e+00
2.305000000000000160e+00 2.425813642765218270e-01 2.282002393117207983e+00
2.359999999999999876e+00 2.512282095006822535e-01 2.337216859431611393e+00
2.415000000000000036e+00 2.566508073531218459e-01 2.394233796665006686e+00
2.470000000000000195e+00 2.637954464154578238e-01 2.444960478242329760e+00
2.524999999999999911e+00 2.699508277614703355e-01 2.499512812382409965e+00
2.580000000000000071e+00 2.761428482821614572e-01 2.555757262079094705e+00
2.635000000000000231e+00 2.843866625848568419e-01 2.611008513514294194e+00
2.689999999999999947e+00 2.877574666552922267e-01 2.665744773258353018e+00
2.745000000000000107e+00 2.958547242592729498e-01 2.724858462377105717e+00
2.799999999999999822e+00 3.034023942430740250e-01 2.779925788208324811e+00
2.854999999999999982e+00 3.117561260698052394e-01 2.834514907469202427e+00
2.910000000000000142e+00 3.113897343230187520e-01 2.855629566805956365e+00
2.964999999999999858e+00 3.116462085457693543e-01 2.853312104195824705e+00
3.020000000000000018e+00 3.128186621354859254e-01 2.855372070960386477e+00
3.075000000000000178e+00 3.124156312140208835e-01 2.852944252987867912e+00
3.129999999999999893e+00 3.116095693710906334e-01 2.854526013182083766e+00
3.185000000000000053e+00 3.140643940745599383e-01 2.856291698980280014e+00
3.240000000000000213e+00 3.102539199079808463e-01 2.855887062651525810e+00
3.294999999999999929e+00 3.107668683534818288e-01 2.855592781685160730e+00
3.350000000000000089e+00 3.089349096195496136e-01 2.855776707289140237e+00
3.404999999999999805e+00 3.117927652444839604e-01 2.854415657819696861e+00
3.459999999999999964e+00 3.134415281050229596e-01 2.855519211443569016e+00
3.514999999999999680e+00 3.110966209255896509e-01 2.854231732215718242e+00
3.570000000000000284e+00 3.097043322878010319e-01 2.855776707289139349e+00
3.625000000000000000e+00 3.040252602126109482e-01 2.857836674053701564e+00
3.679999999999999716e+00 2.999949509979599194e-01 2.861478401012478301e+00
3.735000000000000320e+00 2.947555490189135430e-01 2.863832648743406484e+00
3.790000000000000036e+00 2.868414872883260913e-01 2.867915797151733504e+00
3.844999999999999751e+00 2.786709513349879819e-01 2.875309606431676102e+00
3.900000000000000355e+00 2.691081267438614200e-01 2.879981316772735944e+00
3.955000000000000071e+00 2.630626629218849044e-01 2.883917324697879092e+00
4.009999999999999787e+00 2.554050754140478885e-01 2.889839729145993630e+00
4.065000000000000391e+00 2.443766838357754878e-01 2.897601389633895241e+00
4.120000000000000107e+00 2.349237767686848943e-01 2.902457025578931482e+00
4.174999999999999822e+00 2.271196325621333278e-01 2.911910801623437184e+00
4.230000000000000426e+00 2.134898595816770717e-01 2.916508941722903980e+00
4.285000000000000142e+00 2.029744164489056257e-01 2.924307387331600339e+00
4.339999999999999858e+00 1.912132413770603612e-01 2.928648031585497247e+00
4.395000000000000462e+00 1.806245198949316955e-01 2.935600419415891782e+00
4.450000000000000178e+00 1.699991592381243366e-01 2.947592368795302065e+00
4.504999999999999893e+00 1.588242109611374131e-01 2.955243673920816327e+00
4.559999999999999609e+00 1.506170358331207215e-01 2.960798227160974072e+00
4.615000000000000213e+00 1.401748710497066064e-01 2.971098060983780265e+00
4.669999999999999929e+00 1.272778815628232973e-01 2.978859721471681432e+00
4.724999999999999645e+00 1.160662941111576668e-01 2.985223547369342700e+00
4.780000000000000249e+00 1.070164179655321152e-01 2.996259083608065144e+00
4.834999999999999964e+00 9.807645934394251808e-02 3.006338206706097527e+00
4.889999999999999680e+00 8.411693379137845372e-02 3.012003115308641288e+00
4.945000000000000284e+00 7.598303701271907906e-02 3.022707585460200796e+00
5.000000000000000000e+00 6.700643921645084433e-02 3.035140956289161362e+00
