-5.000000000000000000e-01 -7.650920799980502618e-02 -3.704197720854471299e-02
-4.450000000000000067e-01 1.422316541674728150e-03 -1.942190434738589461e-02
-3.900000000000000133e-01 2.036476985053464056e-02 -8.643863954234470848e-03
-3.349999999999999645e-01 2.934136764680287529e-02 -3.162880955669410219e-03
-2.800000000000000266e-01 2.865021266367047599e-04 -5.149277478639299049e-03
-2.249999999999999778e-01 3.516699642070757886e-02 -5.149277478639299049e-03
-1.699999999999999845e-01 2.985431609230392372e-02 -4.376789941928785690e-03
-1.149999999999999911e-01 -4.327747656627323886e-02 -3.935368492379922277e-03
-5.999999999999999778e-02 2.516450173343725075e-02 -4.965351874660605021e-03
-5.000000000000004441e-03 1.160800710233828893e-02 -5.590698928188161596e-03
5.000000000000004441e-02 2.531105843215183948e-02 4.009642110011925331e-02
1.049999999999999822e-01 6.766594436066646068e-02 9.560516838088888025e-02
1.600000000000000311e-01 8.353070699652012654e-02 1.489435935347099560e-01
2.149999999999999689e-01 2.115113441490301394e-01 2.027234401380798856e-01
2.700000000000000178e-01 2.082870967773092497e-01 2.573125593989559756e-01
3.249999999999999556e-01 2.234923542689473130e-01 3.125270257133597740e-01
3.800000000000000044e-01 2.511915703260036437e-01 3.695807480675504242e-01
4.350000000000000533e-01 3.948537742409740647e-01 4.236180905164904642e-01
4.899999999999999911e-01 3.459771152196604582e-01 4.755218959592777406e-01
5.449999999999999289e-01 5.604628437884533465e-01 5.338263124205234744e-01
6.000000000000000888e-01 5.857805134913977030e-01 5.855461922593320212e-01
6.550000000000000266e-01 5.975416885632429675e-01 6.420481378015865381e-01
7.099999999999999645e-01 6.670095637539557032e-01 6.957911992841607773e-01
7.649999999999999023e-01 7.110498517176880862e-01 7.501228226994669512e-01
8.200000000000000622e-01 7.840350876775508127e-01 8.048222973227302512e-01
8.750000000000000000e-01 8.567638494146624373e-01 8.576089456646152076e-01
9.299999999999999378e-01 8.135296232938603600e-01 9.132280483077720445e-01
9.850000000000000977e-01 9.310680956629562299e-01 9.681114485350141852e-01
1.040000000000000036e+00 9.650326105900611795e-01 1.022148790983954392e+00
1.094999999999999973e+00 1.076965289233324352e+00 1.075671141741753933e+00
1.149999999999999911e+00 1.109610793871997680e+00 1.130848822935361930e+00
1.205000000000000071e+00 1.132033968775329358e+00 1.187203627994433575e+00
1.260000000000000009e+00 1.083706897374195233e+00 1.241903102617696764e+00
1.314999999999999947e+00 1.186369864823761056e+00 1.296345081395390286e+00
1.370000000000000107e+00 1.274780193323333144e+00 1.347660324905445517e+00
1.425000000000000044e+00 1.294382151776408918e+00 1.404861187742818984e+00
1.479999999999999982e+00 1.360515862071364879e+00 1.460884926714728804e+00
1.535000000000000142e+00 1.438044355691379783e+00 1.513524434573431110e+00
1.589999999999999858e+00 1.406058356196920656e+00 1.567304281176800984e+00
1.645000000000000018e+00 1.553274560055720510e+00 1.620900202176192462e+00
1.700000000000000178e+00 1.478933674632748163e+00 1.678174635255157421e+00
1.754999999999999893e+00 1.662605857296799661e+00 1.733315531327969339e+00
1.810000000000000053e+00 1.709540640060144945e+00 1.790994600735687392e+00
1.865000000000000213e+00 1.720422474939703239e+00 1.844112315164734506e+00
1.919999999999999929e+00 1.748744556966296049e+00 1.898480723700836537e+00
1.975000000000000089e+00 1.830376638150319035e+00 1.951414512525904144e+00
2.029999999999999805e+00 1.753434371325162555e+00 2.007438251497814630e+00
2.084999999999999964e+00 1.784907422374119479e+00 2.048858297513815874e+00
2.140000000000000124e+00 1.933369358171992181e+00 2.044628008622305426e+00
2.194999999999999840e+00 1.803190370538764187e+00 2.047239752198803053e+00
2.250000000000000000e+00 1.925198822218654682e+00 2.045915487850156644e+00
2.305000000000000160e+00 1.827518782525384466e+00 2.048085809977105320e+00
2.359999999999999876e+00 1.916808451217244746e+00 2.045731562246178026e+00
2.415000000000000036e+00 1.910396595648482077e+00 2.045290140796628631e+00
2.470000000000000195e+00 1.882111152796567044e+00 2.050219346983258362e+00
2.524999999999999911e+00 1.928276512891661243e+00 2.047423677802782560e+00
2.580000000000000071e+00 1.917724430584210715e+00 2.046687975386867198e+00
2.635000000000000231e+00 1.920509007859788397e+00 2.047129396836416149e+00
2.689999999999999947e+00 1.873940616843228879e+00 2.047717958769147639e+00
2.745000000000000107e+00 1.905743420464293569e+00 2.049520429688139522e+00
2.799999999999999822e+00 1.902372616393858129e+00 2.051653966694292119e+00
2.854999999999999982e+00 1.835725957653401519e+00 2.057171734813652453e+00
2.910000000000000142e+00 1.803080453014728191e+00 2.059010990853439971e+00
2.964999999999999858e+00 1.820190947589655828e+00 2.070635089024893016e+00
3.020000000000000018e+00 1.708184990597035435e+00 2.075122873761973352e+00
3.075000000000000178e+00 1.699171753626088410e+00 2.085937699275920210e+00
3.129999999999999893e+00 1.628348228972266165e+00 2.091087616187324194e+00
3.185000000000000053e+00 1.609222579790012375e+00 2.102012797063657956e+00
3.240000000000000213e+00 1.571594147395043439e+00 2.109664102189172219e+00
3.294999999999999929e+00 1.495751055810246477e+00 2.123274596883595322e+00
3.350000000000000089e+00 1.438374108263487106e+00 2.129528067418870574e+00
3.404999999999999805e+00 1.376014232960431682e+00 2.141078595348732794e+00
3.459999999999999964e+00 1.283976626167673274e+00 2.156638701445329875e+00
3.514999999999999680e+00 1.139178607837664892e+00 2.165577485798694024e+00
3.570000000000000284e+00 1.169222731074154309e+00 2.180107608513011996e+00
3.625000000000000000e+00 1.098728958992439830e+00 2.190701723302184156e+00
3.679999999999999716e+00 1.052453681373310079e+00 2.202877598285573946e+00
3.735000000000000320e+00 9.984475378969862591e-01 2.213251002349971852e+00
3.790000000000000036e+00 8.942823642855960431e-01 2.225684373178931530e+00
3.844999999999999751e+00 7.985075616756156514e-01 2.236903835021632148e+00
3.900000000000000355e+00 6.651409658453446561e-01 2.250256833870485362e+00
3.955000000000000071e+00 7.371735832635624153e-01 2.265449088759125207e+00
4.009999999999999787e+00 6.127469460548810032e-01 2.277956029829675710e+00
4.065000000000000391e+00 4.806993605130414071e-01 2.292081516215240367e+00
4.120000000000000107e+00 5.070795662816663940e-01 2.305508085305684407e+00
4.174999999999999822e+00 3.263751567665849063e-01 2.318419662704988671e+00
4.230000000000000426e+00 4.115245987197579947e-01 2.333832628318403213e+00
4.285000000000000142e+00 2.580430959909103539e-01 2.353880519152081074e+00
4.339999999999999858e+00 2.604612815197009934e-01 2.372640930757907718e+00
4.395000000000000462e+00 2.122441276426031143e-01 2.388421747579279941e+00
4.450000000000000178e+00 1.437655101682139280e-01 2.407586795513859457e+00
4.504999999999999893e+00 5.634443938496487558e-02 2.428296818521860523e+00
4.559999999999999609e+00 6.993757319074252188e-02 2.452464642884660595e+00
4.615000000000000213e+00 3.707223350399715955e-02 2.481120251984540559e+00
4.669999999999999929e+00 -3.492374473954197589e-02 2.514079720217522240e+00
4.724999999999999645e+00 -9.166404940453927799e-03 2.548952014731882709e+00
4.780000000000000249e+00 3.776837782289143436e-02 2.583051821709532625e+00
4.834999999999999964e+00 2.018157397714141071e-02 2.623552239705641220e+00
4.889999999999999680e+00 -3.397112619789718208e-02 2.659344162239895226e+00
4.945000000000000284e+00 2.417524401711381235e-02 2.696349993760407404e+00
5.000000000000000000e+00 3.461740880052788238e-02 2.737255048085269760e+00
