-5.000000000000000000e-01 2.336918217418360033e-02 -3.733625817491062482e-02
-4.450000000000000067e-01 1.289037821609088572e-02 -2.254863961502367661e-02
-3.900000000000000133e-01 8.640233953367965070e-03 -1.372021062404640487e-02
-3.349999999999999645e-01 2.289287290336121383e-02 -8.680649075030208092e-03
-2.800000000000000266e-01 8.786790652082548600e-03 -7.908161538319696468e-03
-2.249999999999999778e-01 -8.522933157332274190e-02 -6.510326948081627402e-03
-1.699999999999999845e-01 2.443171823986433830e-02 -7.797806175932480398e-03
-1.149999999999999911e-01 -3.180941489185706850e-02 -7.944946659115437182e-03
-5.999999999999999778e-02 -8.698801195789773733e-02 -4.303219700337309467e-03
-5.000000000000004441e-03 6.405244297970563196e-03 -6.841393035243275612e-03
5.000000000000004441e-02 -7.768166158952172218e-02 3.803645433555788435e-02
1.049999999999999822e-01 -2.498075148940379336e-03 9.509017668974854842e-02
1.600000000000000311e-01 1.191439847841639088e-01 1.476928994276548168e-01
2.149999999999999689e-01 1.619751799835009165e-01 2.031648615876287256e-01
2.700000000000000178e-01 1.930818392856713250e-01 2.581586171772580207e-01
3.249999999999999556e-01 1.982113237406817607e-01 3.134834388540489458e-01
3.800000000000000044e-01 2.837271574406411423e-01 3.698382439131205901e-01
4.350000000000000533e-01 3.412873008607938408e-01 4.229927434629629501e-01
4.899999999999999911e-01 3.393820637775041837e-01 4.788325568308941516e-01
5.449999999999999289e-01 4.114146811957221095e-01 5.318399158975536389e-01
6.000000000000000888e-01 4.569571753212787191e-01 5.871647375743446196e-01
6.550000000000000266e-01 5.064567003121294153e-01 6.433356170294375342e-01
7.099999999999999645e-01 5.768039156951294544e-01 6.956072736801820477e-01
7.649999999999999023e-01 5.166423908727928449e-01 7.532495579671045771e-01
8.200000000000000622e-01 6.559078938263258607e-01 8.096411481469720783e-01
8.750000000000000000e-01 6.637486772075561481e-01 8.644141930118268702e-01
9.299999999999999378e-01 7.538810469170248441e-01 9.134855441533421549e-01
9.850000000000000977e-01 7.353416245296299225e-01 9.732981505672132494e-01
1.040000000000000036e+00 8.013287781258712217e-01 1.026452650117055665e+00
1.094999999999999973e+00 7.989838709464381905e-01 1.083947793920795100e+00
1.149999999999999911e+00 8.300538910739299059e-01 1.137948351248939449e+00
1.205000000000000071e+00 9.345854564321062208e-01 1.191433916885943578e+00
1.260000000000000009e+00 9.073991888205509282e-01 1.245728755180453673e+00
1.314999999999999947e+00 9.736061774648644418e-01 1.298478618401542883e+00
1.370000000000000107e+00 1.080409371653116901e+00 1.355605910997325081e+00
1.425000000000000044e+00 1.136687143959517199e+00 1.408282203976823244e+00
1.479999999999999982e+00 1.136540587260802315e+00 1.467064827008413008e+00
1.535000000000000142e+00 1.210258606714237795e+00 1.520550392645417359e+00
1.589999999999999858e+00 1.196665472908460259e+00 1.573668107074463807e+00
1.645000000000000018e+00 1.283207203499421745e+00 1.631567887206956780e+00
1.700000000000000178e+00 1.260893946120126285e+00 1.686414502313403174e+00
1.754999999999999893e+00 1.350659924082808772e+00 1.740562200124730508e+00
1.810000000000000053e+00 1.375537923689609476e+00 1.797983773686878450e+00
1.865000000000000213e+00 1.448303324601399877e+00 1.851763620290248324e+00
1.919999999999999929e+00 1.452883221436231276e+00 1.909810540905923615e+00
1.975000000000000089e+00 1.425696953824675761e+00 1.960757933208021386e+00
2.029999999999999805e+00 1.559539858925768963e+00 2.016229895367995795e+00
2.084999999999999964e+00 1.603396951016108130e+00 2.066699081099749424e+00
2.140000000000000124e+00 1.634100579396813302e+00 2.123532092729165210e+00
2.194999999999999840e+00 1.637654579340641847e+00 2.180217963875398901e+00
2.250000000000000000e+00 1.669640578835100087e+00 2.236020992122534246e+00
2.305000000000000160e+00 1.738888618977740608e+00 2.288513359498053124e+00
2.359999999999999876e+00 1.762557525820145354e+00 2.294251838342188599e+00
2.415000000000000036e+00 1.747938495123365854e+00 2.296900367039481416e+00
2.470000000000000195e+00 1.745666866293289932e+00 2.296091094381975672e+00
2.524999999999999911e+00 1.750429959001513547e+00 2.297305003368235177e+00
2.580000000000000071e+00 1.722034598625563628e+00 2.295208251482877770e+00
2.635000000000000231e+00 1.647290682281125962e+00 2.294619689550145836e+00
2.689999999999999947e+00 1.676565382849363628e+00 2.295723243174017991e+00
2.745000000000000107e+00 1.756915092919634658e+00 2.296054309261179593e+00
2.799999999999999822e+00 1.759772948544568782e+00 2.298482127233698602e+00
2.854999999999999982e+00 1.723683361486103127e+00 2.297305003368234289e+00
2.910000000000000142e+00 1.725258845997284407e+00 2.297819995059375398e+00
2.964999999999999858e+00 1.721155258433275881e+00 2.297084292643460479e+00
3.020000000000000018e+00 1.707122454531354361e+00 2.301314581534970038e+00
3.075000000000000178e+00 1.616000827105562143e+00 2.304330961440220538e+00
3.129999999999999893e+00 1.597131652146059677e+00 2.309885514680377394e+00
3.185000000000000053e+00 1.646484620438195989e+00 2.317831100772257180e+00
3.240000000000000213e+00 1.592551755311229167e+00 2.325040984448222048e+00
3.294999999999999929e+00 1.558074291938623013e+00 2.334494760492726861e+00
3.350000000000000089e+00 1.552358580688754541e+00 2.341336792960734492e+00
3.404999999999999805e+00 1.479043592156784159e+00 2.350974494609217480e+00
3.459999999999999964e+00 1.448926190570936745e+00 2.364584989303640583e+00
3.514999999999999680e+00 1.379568232904260228e+00 2.370102757423002249e+00
3.570000000000000284e+00 1.383232150372124991e+00 2.384081103325382145e+00
3.625000000000000000e+00 1.314057388578841579e+00 2.395337350288878397e+00
3.679999999999999716e+00 1.296360667209055739e+00 2.405122192420544813e+00
3.735000000000000320e+00 1.231326132154459296e+00 2.421749067020218860e+00
3.790000000000000036e+00 1.133389618238438645e+00 2.429915363836872899e+00
3.844999999999999751e+00 1.127344154416462185e+00 2.444371916309597825e+00
3.900000000000000355e+00 1.092280464248998273e+00 2.456253510326621647e+00
3.955000000000000071e+00 9.793585278894118007e-01 2.469716864537861767e+00
4.009999999999999787e+00 8.836570036287884067e-01 2.485203400392867579e+00
4.065000000000000391e+00 9.348419306548569896e-01 2.495613589578061564e+00
4.120000000000000107e+00 8.360993548959061439e-01 2.508267671131795939e+00
4.174999999999999822e+00 8.092794790311372832e-01 2.522098876550993740e+00
4.230000000000000426e+00 7.653491085914411185e-01 2.537254346318837950e+00
4.285000000000000142e+00 7.040884085287451022e-01 2.553035163140209729e+00
4.339999999999999858e+00 6.061885337874034496e-01 2.567123864404977418e+00
4.395000000000000462e+00 5.977615236113148489e-01 2.581580416877703676e+00
4.450000000000000178e+00 4.817618965787220930e-01 2.597545159303054074e+00
4.504999999999999893e+00 3.835322692652725074e-01 2.613804182694770439e+00
4.559999999999999609e+00 4.015221040324877255e-01 2.628407875650678793e+00
4.615000000000000213e+00 3.559429707322521175e-01 2.646359014598998360e+00
4.669999999999999929e+00 2.185460656873301211e-01 2.664052657701749371e+00
4.724999999999999645e+00 2.135631379310342914e-01 2.682003796650069383e+00
4.780000000000000249e+00 2.098259421138124747e-01 2.701683836275790895e+00
4.834999999999999964e+00 1.011541500169488017e-01 2.722872065854135659e+00
4.889999999999999680e+00 1.286335310259331954e-01 2.741558907218371033e+00
4.945000000000000284e+00 3.531355311942215719e-02 2.767860268587324590e+00
5.000000000000000000e+00 -3.199261076525029834e-02 2.790630258359886540e+00
