-5.000000000000000000e-01 -2.997246682216273559e-04 -3.398881218249840547e-02
-4.450000000000000067e-01 3.290914450285668813e-03 -1.776657391157765442e-02
-3.900000000000000133e-01 -1.598129143068205762e-02 -9.600277094923673898e-03
-3.349999999999999645e-01 1.129203144245561306e-03 -3.273236318056625856e-03
-2.800000000000000266e-01 -2.283281709558884071e-02 -7.540310330362311013e-03
-2.249999999999999778e-01 -3.487332865263817298e-03 -4.376789941928785690e-03
-1.699999999999999845e-01 1.422316541674728150e-03 -4.413575062724524670e-03
-1.149999999999999911e-01 -8.800013193667466371e-03 -3.052525593282193715e-03
-5.999999999999999778e-02 1.495594891032020349e-03 -3.567517284422535087e-03
-5.000000000000004441e-03 -1.484547701564403743e-02 -5.075707237047819356e-03
5.000000000000004441e-02 2.311270795143308826e-02 4.325994148855277777e-02
1.049999999999999822e-01 5.960532593136436130e-02 9.501660644815709822e-02
1.600000000000000311e-01 1.032425829736316053e-01 1.514449817488201788e-01
2.149999999999999689e-01 1.355216958655185988e-01 2.029809359836499960e-01
2.700000000000000178e-01 1.834823755198660700e-01 2.584528981436239325e-01
3.249999999999999556e-01 2.262769315445244123e-01 3.127845215589298844e-01
3.800000000000000044e-01 2.836172399166052016e-01 3.710153677785841819e-01
4.350000000000000533e-01 3.302589092825213846e-01 4.224409666510268724e-01
4.899999999999999911e-01 3.758746817574355470e-01 4.786118461061197871e-01
5.449999999999999289e-01 4.078606812518933422e-01 5.323181224678982248e-01
6.000000000000000888e-01 4.622698556496823707e-01 5.890407787349272173e-01
6.550000000000000266e-01 5.131983084530002959e-01 6.399881710370250998e-01
7.099999999999999645e-01 5.478589676989993329e-01 6.961590504921182365e-01
7.649999999999999023e-01 5.976882452619575181e-01 7.511528060817473929e-01
8.200000000000000622e-01 6.519508629610321071e-01 8.015116364511136737e-01
8.750000000000000000e-01 6.724321616063952955e-01 8.594482017044017264e-01
9.299999999999999378e-01 7.367705523420970959e-01 9.125659161334486180e-01
9.850000000000000977e-01 7.823496856423329815e-01 9.663825478576143491e-01
1.040000000000000036e+00 8.200147572119809158e-01 1.022148790983954170e+00
1.094999999999999973e+00 8.681219935650428265e-01 1.075340075654592109e+00
1.149999999999999911e+00 9.176215185558930232e-01 1.128641715687617841e+00
1.205000000000000071e+00 9.455405696610214017e-01 1.183046909344515063e+00
1.260000000000000009e+00 9.947836204291217177e-01 1.236054268411174162e+00
1.314999999999999947e+00 1.048056980411872674e+00 1.290974453759212270e+00
1.370000000000000107e+00 1.108328422758245058e+00 1.350750275052287730e+00
1.425000000000000044e+00 1.156692133334057848e+00 1.401293031025632629e+00
1.479999999999999982e+00 1.196042606938923170e+00 1.459008885554146984e+00
1.535000000000000142e+00 1.243123946400983337e+00 1.512678376795129731e+00
1.589999999999999858e+00 1.268221781055855590e+00 1.565465025137013910e+00
1.645000000000000018e+00 1.340034563426001801e+00 1.621930185558472903e+00
1.700000000000000178e+00 1.361468480613009513e+00 1.674863974383541398e+00
1.754999999999999893e+00 1.418039366316838468e+00 1.730593432389084807e+00
1.810000000000000053e+00 1.467612169657046328e+00 1.786985022568952530e+00
1.865000000000000213e+00 1.486444705441870795e+00 1.814941714373713433e+00
1.919999999999999929e+00 1.495604499111531593e+00 1.815309565581671114e+00
1.975000000000000089e+00 1.496703674351891111e+00 1.815309565581670892e+00
2.029999999999999805e+00 1.482744148799326922e+00 1.815934912635198462e+00
2.084999999999999964e+00 1.503408643318083548e+00 1.817737383554189456e+00
2.140000000000000124e+00 1.488606416747910499e+00 1.815346350702466527e+00
2.194999999999999840e+00 1.500111117597005439e+00 1.816413119205543047e+00
2.250000000000000000e+00 1.490621571355235986e+00 1.813691020266658294e+00
2.305000000000000160e+00 1.487946911603694744e+00 1.816964896017479125e+00
2.359999999999999876e+00 1.497839488766929961e+00 1.815272780460875257e+00
2.415000000000000036e+00 1.494065653775028979e+00 1.816302763843156143e+00
2.470000000000000195e+00 1.481425138510896300e+00 1.816633829930317301e+00
2.524999999999999911e+00 1.476662045802672241e+00 1.819981275922729846e+00
2.580000000000000071e+00 1.468015200578511870e+00 1.818730581815674929e+00
2.635000000000000231e+00 1.441928108207315873e+00 1.821379110512967303e+00
2.689999999999999947e+00 1.397484789322118282e+00 1.823843713606282391e+00
2.745000000000000107e+00 1.347435676711088215e+00 1.833076778926012951e+00
2.799999999999999822e+00 1.316035904011488400e+00 1.839992381635611629e+00
2.854999999999999982e+00 1.264997533684135034e+00 1.842677695453700970e+00
2.910000000000000142e+00 1.213299658212565468e+00 1.849814008888073902e+00
2.964999999999999858e+00 1.128223494608749933e+00 1.857502099134383799e+00
3.020000000000000018e+00 1.094258979681645316e+00 1.866109817400586124e+00
3.075000000000000178e+00 1.028455021958797344e+00 1.871149378949601871e+00
3.129999999999999893e+00 9.629441776333781400e-01 1.879720312095009005e+00
3.185000000000000053e+00 9.009873332517880362e-01 1.887077336254157300e+00
3.240000000000000213e+00 8.384076229006609537e-01 1.898370368338449410e+00
3.294999999999999929e+00 7.642132941764029352e-01 1.908375921194890079e+00
3.350000000000000089e+00 7.121856661327258253e-01 1.914408681005391077e+00
3.404999999999999805e+00 6.459420383137342014e-01 1.925738498210478822e+00
3.459999999999999964e+00 5.488848645900012979e-01 1.935192274254983635e+00
3.514999999999999680e+00 5.126120816581418715e-01 1.945970314648134636e+00
3.570000000000000284e+00 4.253009283989288569e-01 1.955644801417413925e+00
3.625000000000000000e+00 3.746655889930401995e-01 1.963332891663723156e+00
3.679999999999999716e+00 3.205495279926803276e-01 1.979812625780214219e+00
3.735000000000000320e+00 2.553317970646905577e-01 1.990259600086203839e+00
3.790000000000000036e+00 1.868531795903014547e-01 2.005966846665984349e+00
3.844999999999999751e+00 1.203164383738805909e-01 2.020349828897118449e+00
3.900000000000000355e+00 9.518196454432949205e-02 2.035578868906554373e+00
3.955000000000000071e+00 4.311769732597372368e-02 2.056619958001716597e+00
4.009999999999999787e+00 1.856945029128099708e-02 2.080383146035764241e+00
4.065000000000000391e+00 7.760893761080463020e-03 2.109590531947580949e+00
4.120000000000000107e+00 1.275759842960144837e-03 2.143028206750907216e+00
4.174999999999999822e+00 1.239120668281498304e-03 2.176870517882986356e+00
4.230000000000000426e+00 1.312399017638787467e-03 2.211889952880529808e+00
4.285000000000000142e+00 1.495594891032019048e-03 2.250403974353667902e+00
4.339999999999999858e+00 -1.803308521268622705e-02 2.289690483363516549e+00
4.395000000000000462e+00 -1.019230183145601251e-02 2.322981017683660721e+00
4.450000000000000178e+00 1.275759842960145270e-03 2.361053617707249419e+00
4.504999999999999893e+00 -1.015566265677736273e-02 2.396588044395933537e+00
4.559999999999999609e+00 -2.477469335355706598e-02 2.432453537171778368e+00
4.615000000000000213e+00 -8.726734844310178943e-03 2.470489352074572320e+00
4.669999999999999929e+00 -7.407724555878926302e-03 2.507605538957473179e+00
4.724999999999999645e+00 2.045182511211707937e-03 2.545935634826632654e+00
4.780000000000000249e+00 -2.314879275547150356e-03 2.581580416877702788e+00
4.834999999999999964e+00 -6.455106014234134222e-03 2.621124421733121768e+00
4.889999999999999680e+00 -2.429838408273467254e-02 2.657357765716924725e+00
4.945000000000000284e+00 -1.180442551731643308e-02 2.693480754338340333e+00
5.000000000000000000e+00 -2.089094083762060503e-02 2.732252271657048759e+00
