-5.000000000000000000e-01 -4.990916718310814404e-02 -3.108278763963504693e-02
-4.450000000000000067e-01 2.615375944976069261e-02 -1.316843381211032539e-02
-3.900000000000000133e-01 3.252897584384507879e-02 -5.921765015349809806e-03
-3.349999999999999645e-01 1.431930602855807644e-02 -1.838616607022818461e-03
-2.800000000000000266e-01 -9.679353385954969288e-03 -1.250054674290999998e-03
-2.249999999999999778e-01 1.505208952213099236e-02 -1.176484432699522690e-03
-1.699999999999999845e-01 3.047718206184090589e-02 -2.200712920103179858e-04
-1.149999999999999911e-01 -7.004693634413819425e-03 5.156311239044553910e-04
-5.999999999999999778e-02 2.564081100425964765e-02 2.207746680508433472e-03
-5.000000000000004441e-03 -9.710042416920401653e-02 3.684906407215008295e-04
5.000000000000004441e-02 2.263639868061068094e-02 4.476813144117804816e-02
1.049999999999999822e-01 -3.340776166549233768e-03 1.006815150507008039e-01
1.600000000000000311e-01 3.410446035502685130e-02 1.535417336341772521e-01
2.149999999999999689e-01 -2.253970369815967018e-02 2.095286874852914927e-01
2.700000000000000178e-01 5.835959399229042471e-02 2.651477901284483574e-01
3.249999999999999556e-01 5.169126420077686801e-02 3.191115623357969611e-01
3.800000000000000044e-01 5.715050122789510495e-02 3.731856899055327470e-01
4.350000000000000533e-01 6.389210936876593694e-02 4.269287513881069307e-01
4.899999999999999911e-01 9.118829450435712858e-02 4.817753664945532699e-01
5.449999999999999289e-01 8.342078947248417198e-02 5.365484113594082283e-01
6.000000000000000888e-01 8.169874826258784195e-02 5.917996627946076060e-01
6.550000000000000266e-01 1.578349532448139747e-01 6.455427242771818452e-01
7.099999999999999645e-01 1.170189126528024398e-01 6.989547196725942602e-01
7.649999999999999023e-01 9.569491298983055783e-02 7.524402853095986110e-01
8.200000000000000622e-01 1.074194488869971986e-01 8.116275446699418028e-01
8.750000000000000000e-01 1.603630562976405549e-01 8.681294902121965418e-01
9.299999999999999378e-01 1.271679640387873567e-01 9.188561717895200598e-01
9.850000000000000977e-01 1.604729738216764401e-01 9.735188612919878359e-01
1.040000000000000036e+00 1.972953443737155421e-01 1.027924054948885058e+00
1.094999999999999973e+00 1.401015927003493311e-01 1.081299265223501838e+00
1.149999999999999911e+00 2.209642512161207883e-01 1.140817590671007187e+00
1.205000000000000071e+00 2.250678387801291480e-01 1.191213206161169103e+00
1.260000000000000009e+00 1.463302523957191459e-01 1.245176978368517595e+00
1.314999999999999947e+00 2.072978390609858113e-01 1.301053576857244432e+00
1.370000000000000107e+00 2.505687043564666650e-01 1.355900191963691270e+00
1.425000000000000044e+00 2.349237767686848388e-01 1.411372154123664791e+00
1.479999999999999982e+00 2.501290342603229577e-01 1.465078430485443839e+00
1.535000000000000142e+00 2.723323741155823097e-01 1.522279293322816862e+00
1.589999999999999858e+00 2.569439207505510026e-01 1.574734875577540549e+00
1.645000000000000018e+00 3.088982704448708927e-01 1.626675466141123350e+00
1.700000000000000178e+00 3.065533632654375285e-01 1.682147428301096870e+00
1.754999999999999893e+00 3.014238788104270372e-01 1.740231134037568461e+00
1.810000000000000053e+00 3.203663321192870561e-01 1.796328443251070217e+00
1.865000000000000213e+00 3.574451768940766216e-01 1.849446157680116665e+00
1.919999999999999929e+00 2.773519410465568047e-01 1.907713789020566431e+00
1.975000000000000089e+00 3.637837541134822383e-01 1.957557627698792047e+00
2.029999999999999805e+00 3.243233629845807542e-01 2.014206713724230102e+00
2.084999999999999964e+00 3.559429707322521175e-01 2.071554717044786109e+00
2.140000000000000124e+00 4.066149493128194403e-01 2.123421737366778306e+00
2.194999999999999840e+00 3.202197754205724500e-01 2.176171600587867960e+00
2.250000000000000000e+00 3.278407237537306895e-01 2.230392868640786119e+00
2.305000000000000160e+00 3.622815479516577897e-01 2.286122326646330638e+00
2.359999999999999876e+00 3.644798984323766589e-01 2.341925354893465538e+00
2.415000000000000036e+00 4.468814022846512302e-01 2.395300565168082763e+00
2.470000000000000195e+00 4.240185572851762341e-01 2.450551816603281807e+00
2.524999999999999911e+00 4.136863100257979209e-01 2.502345266683682290e+00
2.580000000000000071e+00 4.868913810337324732e-01 2.559693270004238297e+00
2.635000000000000231e+00 4.669596700085492103e-01 2.617225198928774255e+00
2.689999999999999947e+00 4.026579184475256312e-01 2.668356516834852421e+00
2.745000000000000107e+00 5.050277724996621309e-01 2.723681338511642291e+00
2.799999999999999822e+00 4.413122477334970872e-01 2.777571540477397960e+00
2.854999999999999982e+00 4.908484118990261713e-01 2.834919543797956631e+00
2.910000000000000142e+00 5.482253594457856538e-01 2.863280871931470184e+00
2.964999999999999858e+00 4.888332572917006846e-01 2.862250888549189298e+00
3.020000000000000018e+00 5.029393395429794245e-01 2.861478401012479189e+00
3.075000000000000178e+00 5.291729886128898608e-01 2.859970211059854606e+00
3.129999999999999893e+00 4.894561232612376633e-01 2.860338062267810511e+00
3.185000000000000053e+00 5.188773805281902129e-01 2.860963409321338524e+00
3.240000000000000213e+00 5.030858962416938640e-01 2.860338062267810511e+00
3.294999999999999929e+00 5.101938961293513985e-01 2.860816268838155541e+00
3.350000000000000089e+00 5.388457307280524189e-01 2.860742698596563827e+00
3.404999999999999805e+00 4.453059177734693952e-01 2.862581954636350456e+00
3.459999999999999964e+00 5.110732363216388130e-01 2.861551971254070459e+00
3.514999999999999680e+00 5.241534216819154768e-01 2.863832648743406484e+00
3.570000000000000284e+00 4.764492162503183859e-01 2.863611938018630898e+00
3.625000000000000000e+00 4.661169689909401836e-01 2.863943004105793833e+00
3.679999999999999716e+00 5.262052154639195178e-01 2.866260466715924604e+00
3.735000000000000320e+00 5.142608445186810373e-01 2.869240061500380357e+00
3.790000000000000036e+00 5.112564321950319179e-01 2.873212854546319139e+00
3.844999999999999751e+00 4.674359792793715829e-01 2.877884564887378538e+00
3.900000000000000355e+00 4.469546806340084499e-01 2.882629845470028762e+00
3.955000000000000071e+00 4.137962275498340281e-01 2.887853332623023572e+00
4.009999999999999787e+00 4.487500001932621108e-01 2.893518241225567333e+00
4.065000000000000391e+00 4.332516293041948630e-01 2.896828902097183800e+00
4.120000000000000107e+00 3.808576095137313766e-01 2.902089174370974245e+00
4.174999999999999822e+00 3.982245783114095050e-01 2.907643727611129769e+00
4.230000000000000426e+00 3.922890320134689301e-01 2.915626098823806078e+00
4.285000000000000142e+00 3.723206818136069463e-01 2.919856387715316526e+00
4.339999999999999858e+00 3.103638374320167315e-01 2.925999502888204873e+00
4.395000000000000462e+00 2.397967870009447555e-01 2.934092229463266754e+00
4.450000000000000178e+00 3.254958165742974918e-01 2.939977848790585657e+00
4.504999999999999893e+00 2.663235494682843485e-01 2.948622352177584283e+00
4.559999999999999609e+00 2.044033442613728546e-01 2.954103335176149869e+00
4.615000000000000213e+00 2.695111576653265728e-01 2.959805028899488377e+00
4.669999999999999929e+00 2.518510754702192322e-01 2.967824185232959433e+00
4.724999999999999645e+00 2.151386224422161264e-01 2.977094035673485184e+00
4.780000000000000249e+00 1.916529114732040406e-01 2.982648588913641596e+00
4.834999999999999964e+00 1.669947469144754115e-01 2.991587373267007077e+00
4.889999999999999680e+00 1.632209119225749017e-01 3.001077934432307082e+00
4.945000000000000284e+00 1.252993661301764483e-01 3.008949950282594710e+00
5.000000000000000000e+00 9.430262435204200822e-02 3.018293370964712619e+00
