-5.000000000000000000e-01 2.631409306070041625e-03 -3.579128310148960157e-02
-4.450000000000000067e-01 1.027662737028091910e-01 -2.001046628011771480e-02
-3.900000000000000133e-01 7.810810914408054806e-02 -1.118203728914043613e-02
-3.349999999999999645e-01 -1.719176188629988888e-01 -6.216045981715719038e-03
-2.800000000000000266e-01 4.857693435309196756e-02 -8.938144920600379212e-03
-2.249999999999999778e-01 7.374804735732165550e-02 -6.694252552060320563e-03
-1.699999999999999845e-01 -7.544667193412429862e-02 -6.914963276834751836e-03
-1.149999999999999911e-01 6.576070727737688693e-02 -6.473541827285889290e-03
-5.999999999999999778e-02 3.044054288716226131e-02 -5.369988203413730322e-03
-5.000000000000004441e-03 9.558499546579458939e-02 -3.089310714077932694e-03
5.000000000000004441e-02 8.158883073855185963e-02 4.226674322706783227e-02
1.049999999999999822e-01 3.437471149000254512e-03 9.365555697871476293e-02
1.600000000000000311e-01 5.630780021028625182e-02 1.492010893802800942e-01
2.149999999999999689e-01 -5.591799183040605664e-02 2.040844896075222348e-01
2.700000000000000178e-01 1.237971599683519025e-01 2.593725261635174140e-01
3.249999999999999556e-01 1.378299638702732699e-01 3.129316620421128126e-01
3.800000000000000044e-01 1.017037376371284774e-01 3.683668390812910309e-01
4.350000000000000533e-01 -1.730030171911330419e-02 4.263769745761708529e-01
4.899999999999999911e-01 -2.231986865008779922e-02 4.739033506442653088e-01
5.449999999999999289e-01 -9.239683289811220432e-03 5.337895272997277285e-01
6.000000000000000888e-01 7.865769676426022372e-02 5.852151261721704190e-01
6.550000000000000266e-01 4.535268698137112642e-02 6.407974436945313990e-01
7.099999999999999645e-01 1.467332833171842432e-01 6.961222653713223796e-01
7.649999999999999023e-01 1.638437778921118526e-01 7.488353434716160661e-01
8.200000000000000622e-01 1.104605003853248446e-01 8.034244627324921284e-01
8.750000000000000000e-01 9.822301604265711028e-02 8.603678297242955963e-01
9.299999999999999378e-01 -6.749597102885815381e-02 9.128969822206102203e-01
9.850000000000000977e-01 1.351186649440535015e-01 9.695092831252523080e-01
1.040000000000000036e+00 2.032675298463348379e-01 1.023399485091009531e+00
1.094999999999999973e+00 -3.633889563978393890e-03 1.077804678747906530e+00
1.149999999999999911e+00 1.220018404090982972e-01 1.132577723612761655e+00
1.205000000000000071e+00 1.775834683966040495e-01 1.186394355336927386e+00
1.260000000000000009e+00 1.681672005041920659e-01 1.239585640007565104e+00
1.314999999999999947e+00 2.430576735473442829e-01 1.294432255114011499e+00
1.370000000000000107e+00 2.549654053179041813e-01 1.351964184038547012e+00
1.425000000000000044e+00 3.022299406533572874e-01 1.404382981172474620e+00
1.479999999999999982e+00 3.083853219993697992e-01 1.458052472413457590e+00
1.535000000000000142e+00 3.131117755329151375e-01 1.514333707230937298e+00
1.589999999999999858e+00 3.114630126723760273e-01 1.566495008519295018e+00
1.645000000000000018e+00 3.495311151634891145e-01 1.622224466524839093e+00
1.700000000000000178e+00 3.153834043629911710e-01 1.678468916221523610e+00
1.754999999999999893e+00 2.363527045811520677e-01 1.731329134804999503e+00
1.810000000000000053e+00 7.558000609125399560e-02 1.788162146434415511e+00
1.865000000000000213e+00 3.537812594262119692e-01 1.843082331782453842e+00
1.919999999999999929e+00 3.134781672797016805e-01 1.899106070754363884e+00
1.975000000000000089e+00 2.918244150446219209e-01 1.952444495908185251e+00
2.029999999999999805e+00 3.252759815262254994e-01 2.009277507537601704e+00
2.084999999999999964e+00 3.622815479516579562e-01 2.061034172497205663e+00
2.140000000000000124e+00 3.045015694834333764e-01 2.115145085187736917e+00
2.194999999999999840e+00 3.215021465343250173e-01 2.169734204448613646e+00
2.250000000000000000e+00 3.956231969092256495e-01 2.224102612984714789e+00
2.305000000000000160e+00 2.096793854150978687e-01 2.280567773406173782e+00
2.359999999999999876e+00 4.333615468282309702e-01 2.333464777110445976e+00
2.415000000000000036e+00 1.577250357207780063e-01 2.388826383908032813e+00
2.470000000000000195e+00 3.607427026151547311e-01 2.443893709739253239e+00
2.524999999999999911e+00 3.781829497621901348e-01 2.498703539724904221e+00
2.580000000000000071e+00 4.533298970280928986e-01 2.551600543429175971e+00
2.635000000000000231e+00 3.842284135841667059e-01 2.607330001434720490e+00
2.689999999999999947e+00 2.053926019776962930e-01 2.659049881273528371e+00
2.745000000000000107e+00 3.487616924952375297e-01 2.718715347204217370e+00
2.799999999999999822e+00 4.802963295915763098e-01 2.775143722504880728e+00
2.854999999999999982e+00 5.001181230927235211e-01 2.827599304759603083e+00
2.910000000000000142e+00 4.967839581969668572e-01 2.862692309998738249e+00
2.964999999999999858e+00 3.712947849226048147e-01 2.862986590965104217e+00
3.020000000000000018e+00 5.120258548632835582e-01 2.866039755991150795e+00
3.075000000000000178e+00 4.118543512918658722e-01 2.864200499951363277e+00
3.129999999999999893e+00 3.882587227988178458e-01 2.867327235219001125e+00
3.185000000000000053e+00 4.982861643587913059e-01 2.862581954636350456e+00
3.240000000000000213e+00 4.756065152327095813e-01 2.864494780917730132e+00
3.294999999999999929e+00 3.682903725989559174e-01 2.863979789226589912e+00
3.350000000000000089e+00 5.242267000312726966e-01 2.864163714830568086e+00
3.404999999999999805e+00 3.403346823191489290e-01 2.863906218984997309e+00
3.459999999999999964e+00 4.923872572355294519e-01 2.863979789226589023e+00
3.514999999999999680e+00 2.945357139708416616e-01 2.864825847004891290e+00
3.570000000000000284e+00 5.132349476276788502e-01 2.865635119662397035e+00
3.625000000000000000e+00 4.612073195840017958e-01 2.865708689903988304e+00
3.679999999999999716e+00 2.672395288352505394e-01 2.867915797151732171e+00
3.735000000000000320e+00 2.607177557424515402e-01 2.871888590197672730e+00
3.790000000000000036e+00 4.131733615802969384e-01 2.877038507109075827e+00
3.844999999999999751e+00 4.126970523094745102e-01 2.880680234067854339e+00
3.900000000000000355e+00 4.881737521474849850e-01 2.883365547885943680e+00
3.955000000000000071e+00 3.752884549625771782e-01 2.889913299387584900e+00
4.009999999999999787e+00 3.116462085457692988e-01 2.896902472338774626e+00
4.065000000000000391e+00 4.423747837991777732e-01 2.900470629055961425e+00
4.120000000000000107e+00 3.089715487942281680e-01 2.908048363939883973e+00
4.174999999999999822e+00 3.246897547313672416e-01 2.913051140368104530e+00
4.230000000000000426e+00 3.697193004114229797e-01 2.921364577667941109e+00
4.285000000000000142e+00 9.598802638725971448e-02 2.926845560666507140e+00
4.339999999999999858e+00 2.109251173541718261e-01 2.933945088980084215e+00
4.395000000000000462e+00 9.309353158764671621e-02 2.937513245697270570e+00
4.450000000000000178e+00 3.481388265257005510e-01 2.946930236620979748e+00
4.504999999999999893e+00 3.056007447237927277e-01 2.954066550055353790e+00
4.559999999999999609e+00 3.195602702763569170e-01 2.962306417113599100e+00
4.615000000000000213e+00 2.851927244277869811e-01 2.968890953736035954e+00
4.669999999999999929e+00 2.683387040756098352e-01 2.975107639150516015e+00
4.724999999999999645e+00 6.832544950488206315e-02 2.982795729396824136e+00
4.780000000000000249e+00 4.601219212558675664e-02 2.992396645924513265e+00
4.834999999999999964e+00 1.878057981319462832e-01 2.999422603996498626e+00
4.889999999999999680e+00 1.401748710497066064e-01 3.008214247866679791e+00
4.945000000000000284e+00 1.578349532448139192e-01 3.019176213863810521e+00
5.000000000000000000e+00 1.020334902092362994e-01 3.027342510680463228e+00
