-5.000000000000000000e-01 5.379347406968482820e-03 -3.244383710907738222e-02
-4.450000000000000067e-01 -5.429209123232047775e-03 -1.360985526165918620e-02
-3.900000000000000133e-01 1.201103802380338453e-02 -3.714657767605489269e-03
-3.349999999999999645e-01 -1.436916774482164226e-02 -2.463963660550376120e-03
-2.800000000000000266e-01 -2.843861082142165250e-02 -1.470765399065432138e-03
-2.249999999999999778e-01 -2.796230155059926253e-02 -7.718481039463977135e-04
-1.699999999999999845e-01 -1.310649390963087579e-01 -6.247076207634427725e-04
-1.149999999999999911e-01 6.975437731734927815e-02 -1.912186848614295985e-03
-5.999999999999999778e-02 6.436841863958832344e-02 -1.765046365431341370e-03
-5.000000000000004441e-03 -1.106569188003030113e-01 -1.465010504188404882e-04
5.000000000000004441e-02 -1.759341511654247819e-02 4.587168506505022447e-02
1.049999999999999822e-01 -1.055869357824247047e-02 9.954117630603290245e-02
1.600000000000000311e-01 5.795656307082530656e-02 1.510771305408627752e-01
2.149999999999999689e-01 1.178249744957326622e-01 2.065858778216324299e-01
2.700000000000000178e-01 1.570288914018837523e-01 2.644120877125335500e-01
3.249999999999999556e-01 5.700394452918051968e-02 3.165366038800952464e-01
3.800000000000000044e-01 3.153971812752163345e-02 3.760917144483960639e-01
4.350000000000000533e-01 1.034624180217035005e-01 4.241698673284266530e-01
4.899999999999999911e-01 9.093680961736844929e-04 4.810396640786385736e-01
5.449999999999999289e-01 1.348988298959816201e-01 5.383140971576036993e-01
6.000000000000000888e-01 1.565159429563827143e-01 5.925353652105225244e-01
6.550000000000000266e-01 1.875493239091957365e-01 6.469405588674198571e-01
7.099999999999999645e-01 1.213056960902040154e-01 7.000582732964663046e-01
7.649999999999999023e-01 1.814305817378618624e-01 7.534702686918791636e-01
8.200000000000000622e-01 2.308568283793552001e-01 8.095675779053804755e-01
8.750000000000000000e-01 1.927887258882421129e-01 8.648188293405798532e-01
9.299999999999999378e-01 1.526688296151248458e-01 9.190768825142943133e-01
9.850000000000000977e-01 2.917511366952645901e-01 9.744752744326768967e-01
1.040000000000000036e+00 2.991522499803510593e-01 1.026967641808195886e+00
1.094999999999999973e+00 2.729186009104406230e-01 1.081225694981910346e+00
1.149999999999999911e+00 2.704271370322926527e-01 1.134637690377323205e+00
1.205000000000000071e+00 3.192305177042489839e-01 1.192059263939471148e+00
1.260000000000000009e+00 3.227478784733990302e-01 1.245765540301249308e+00
1.314999999999999947e+00 3.257156516223692622e-01 1.298846469609500121e+00
1.370000000000000107e+00 3.367440432006416628e-01 1.354649497856635909e+00
1.425000000000000044e+00 3.542209295223558985e-01 1.408171848614435451e+00
1.479999999999999982e+00 3.330434865580985115e-01 1.464195587586345715e+00
1.535000000000000142e+00 4.128802481828677817e-01 1.518343285397673048e+00
1.589999999999999858e+00 3.030360024962875376e-01 1.571644925430698114e+00
1.645000000000000018e+00 4.616469896801455031e-01 1.627374383436242189e+00
1.700000000000000178e+00 5.925953999816260254e-01 1.684575246273615878e+00
1.754999999999999893e+00 5.105602878761377195e-01 1.739458646500858352e+00
1.810000000000000053e+00 4.891263706891298968e-01 1.793459203829002035e+00
1.865000000000000213e+00 5.400914626671262653e-01 1.849262232076137380e+00
1.919999999999999929e+00 5.349253390374372197e-01 1.903704210853831347e+00
1.975000000000000089e+00 5.733964724500154597e-01 1.959470453980170834e+00
2.029999999999999805e+00 5.522923078351152926e-01 2.011558185026936840e+00
2.084999999999999964e+00 4.533665362027715640e-01 2.067140502549297931e+00
2.140000000000000124e+00 6.154582449811010214e-01 2.121766406930970295e+00
2.194999999999999840e+00 6.579596876083300128e-01 2.174369129668876521e+00
2.250000000000000000e+00 6.866115222070310331e-01 2.227965050668267555e+00
2.305000000000000160e+00 4.889798139904152907e-01 2.285018773022458038e+00
2.359999999999999876e+00 6.575200175121863611e-01 2.337032933827632775e+00
2.415000000000000036e+00 6.616968834255521070e-01 2.393167028161930165e+00
2.470000000000000195e+00 7.655689436395127778e-01 2.448234353993150147e+00
2.524999999999999911e+00 5.424730090212381839e-01 2.498997820691269744e+00
2.580000000000000071e+00 6.998382642660223585e-01 2.555794047199890340e+00
2.635000000000000231e+00 6.011323276817502892e-01 2.612075282017370270e+00
2.689999999999999947e+00 6.340343065431742753e-01 2.665597632775170478e+00
2.745000000000000107e+00 8.395434373156990260e-01 2.719524619861722226e+00
2.799999999999999822e+00 6.357929869277493262e-01 2.774040168881007240e+00
2.854999999999999982e+00 8.891528798305855519e-01 2.828592503021088778e+00
2.910000000000000142e+00 8.074841594718839000e-01 2.885315159288116771e+00
2.964999999999999858e+00 9.222380545654027539e-01 2.923939536123643546e+00
3.020000000000000018e+00 9.163025082674621791e-01 2.923976321244439180e+00
3.075000000000000178e+00 9.167421783636059418e-01 2.923682040278072325e+00
3.129999999999999893e+00 8.787839933965286843e-01 2.927176626753667854e+00
3.185000000000000053e+00 8.715660759848353756e-01 2.924564883177171559e+00
3.240000000000000213e+00 8.657404472109306859e-01 2.922394561050221551e+00
3.294999999999999929e+00 7.829359124371910728e-01 2.923755610519664927e+00
3.350000000000000089e+00 7.433656037842536479e-01 2.923424544432502437e+00
3.404999999999999805e+00 8.001563245361547061e-01 2.924675238539557576e+00
3.459999999999999964e+00 7.066897899309291242e-01 2.923902751002847467e+00
3.514999999999999680e+00 7.350485111322010434e-01 2.927985899411174930e+00
3.570000000000000284e+00 9.075091063445872575e-01 2.924712023660352767e+00
3.625000000000000000e+00 8.407525300800944290e-01 2.926551279700140284e+00
3.679999999999999716e+00 8.536128803922991004e-01 2.929163023276638800e+00
3.735000000000000320e+00 8.651542204160723726e-01 2.930487287625284765e+00
3.790000000000000036e+00 8.506084680686499810e-01 2.931811551973931174e+00
3.844999999999999751e+00 8.334246951443651241e-01 2.938175377871593774e+00
3.900000000000000355e+00 8.210406541029827698e-01 2.941338898260028145e+00
3.955000000000000071e+00 7.371369440888840829e-01 2.946746311017001130e+00
4.009999999999999787e+00 7.271344494016133142e-01 2.948879848023155059e+00
4.065000000000000391e+00 8.067513759783109251e-01 2.955832235853548262e+00
4.120000000000000107e+00 6.133331728497393165e-01 2.960062524745059154e+00
4.174999999999999822e+00 6.075808224251919576e-01 2.967529904266593910e+00
4.230000000000000426e+00 6.217601830258279172e-01 2.973967300405847336e+00
4.285000000000000142e+00 5.906901628983363128e-01 2.979558638766800271e+00
4.339999999999999858e+00 5.493611738608237260e-01 2.985996034906054586e+00
4.395000000000000462e+00 6.052359152457585934e-01 2.993794480514750056e+00
4.450000000000000178e+00 5.159096073792200920e-01 2.996332653849656857e+00
4.504999999999999893e+00 4.883569480208784230e-01 3.005970355498140290e+00
4.559999999999999609e+00 4.748004533897792756e-01 3.015460916663441626e+00
4.615000000000000213e+00 4.894194840865590534e-01 3.021236180628370960e+00
4.669999999999999929e+00 3.083853219993697992e-01 3.028225353579562018e+00
4.724999999999999645e+00 3.649562077031990315e-01 3.037127352812130976e+00
4.780000000000000249e+00 1.870730146383733361e-01 3.040658724408522140e+00
4.834999999999999964e+00 2.812723327371718929e-01 3.052577103546340265e+00
4.889999999999999680e+00 2.769489101250917074e-01 3.062288375436415411e+00
4.945000000000000284e+00 2.654808484506755439e-01 3.069167193025220008e+00
5.000000000000000000e+00 2.190223749581525770e-01 3.078657754190519569e+00
