-5.000000000000000000e-01 -4.921302286421386923e-02 -6.374797490625097596e-02
-4.450000000000000067e-01 -4.928630121357115840e-02 -4.513470378360721208e-02
-3.900000000000000133e-01 -4.804056927449720099e-02 -3.527629141034925586e-02
-3.349999999999999645e-01 -4.488960025213365596e-02 -2.817676309677169880e-02
-2.800000000000000266e-01 -4.496287860149093818e-02 -2.828711845915891920e-02
-2.249999999999999778e-01 -4.642844558863677001e-02 -3.148742396838817570e-02
-1.699999999999999845e-01 -4.708795073285237942e-02 -3.145063884759242978e-02
-1.149999999999999911e-01 -4.811384762385447628e-02 -3.097243227724783693e-02
-5.999999999999999778e-02 -4.697803320881645955e-02 -2.997923401576288796e-02
-5.000000000000004441e-03 -4.796729092513991183e-02 -3.078850667326914203e-02
5.000000000000004441e-02 -4.397362088516750672e-02 -2.839747382154612226e-02
1.049999999999999822e-01 -4.521935282424147107e-02 -2.928031672064385083e-02
1.600000000000000311e-01 -4.507279612552687886e-02 -2.957459768700976960e-02
2.149999999999999689e-01 -4.346067243966645482e-02 -2.861818454632055961e-02
2.700000000000000178e-01 -4.620861054056490252e-02 -2.891246551268647144e-02
3.249999999999999556e-01 -4.668491981138730984e-02 -2.692606898971658391e-02
3.800000000000000044e-01 -4.686811568478051193e-02 -2.894925063348220695e-02
4.350000000000000533e-01 -4.851687854531958749e-02 -2.780891188881430554e-02
4.899999999999999911e-01 -4.353395078902375093e-02 -2.435111053401487965e-02
5.449999999999999289e-01 -4.507279612552687886e-02 -2.619036657380180780e-02
6.000000000000000888e-01 -4.181190957912739314e-02 -2.435111053401487965e-02
6.550000000000000266e-01 -4.250805389802168183e-02 -1.802406975714783074e-02
7.099999999999999645e-01 -4.265461059673625321e-02 -6.547112068877366381e-03
7.649999999999999023e-01 -4.434001263195395948e-02 1.305935731525133779e-02
8.200000000000000622e-01 -4.565902292038522686e-02 3.086335578038884586e-02
8.750000000000000000e-01 -4.481632190277635985e-02 5.451618845204880132e-02
9.299999999999999378e-01 -4.177527040444874856e-02 7.927257474758091227e-02
9.850000000000000977e-01 -4.470640437874041223e-02 1.102456464575928691e-01
1.040000000000000036e+00 -4.452320850534718932e-02 1.363998673433630404e-01
1.094999999999999973e+00 -4.269124977141489780e-02 1.660118895839326758e-01
1.149999999999999911e+00 -4.488960025213366289e-02 1.964331844820084993e-01
1.205000000000000071e+00 -4.595213631781438351e-02 2.294662229565818945e-01
1.260000000000000009e+00 -4.316755904223729123e-02 2.625360465519509523e-01
1.314999999999999947e+00 -4.206838380187792603e-02 2.968197791335793756e-01
1.370000000000000107e+00 -4.346067243966646176e-02 3.254753882334597281e-01
1.425000000000000044e+00 -4.085929103748259933e-02 3.619294429420368275e-01
1.479999999999999982e+00 -4.155543535637688107e-02 3.948521260542229294e-01
1.535000000000000142e+00 -4.287444564480812764e-02 4.311222551588211882e-01
1.589999999999999858e+00 -4.177527040444874856e-02 4.651117067740837552e-01
1.645000000000000018e+00 -4.206838380187790521e-02 4.997632905636694156e-01
1.700000000000000178e+00 -4.118904360959041444e-02 5.342309487492766795e-01
1.754999999999999893e+00 -3.990667249583780551e-02 5.695814498339815124e-01
1.810000000000000053e+00 -4.276452812077219390e-02 6.058515789385797712e-01
1.865000000000000213e+00 -4.203174462719927451e-02 6.377810637892807888e-01
1.919999999999999929e+00 -4.228821884994978658e-02 6.759272340544619784e-01
1.975000000000000089e+00 -4.118904360959041444e-02 7.113513053807583031e-01
2.029999999999999805e+00 -4.162871370573417718e-02 7.474375088813778323e-01
2.084999999999999964e+00 -4.071273433876801406e-02 7.833765718988143778e-01
2.140000000000000124e+00 -4.349731161434510635e-02 8.198674117281873341e-01
2.194999999999999840e+00 -4.052953846537479116e-02 8.516497560957057011e-01
2.250000000000000000e+00 -4.038298176666020589e-02 8.912305460719205374e-01
2.305000000000000160e+00 -4.023642506794562063e-02 9.258085596199145950e-01
2.359999999999999876e+00 -3.910061065290760390e-02 9.637708042811166109e-01
2.415000000000000036e+00 -3.855102303272791436e-02 1.003167668653353273e+00
2.470000000000000195e+00 -4.107912608555448070e-02 1.037046764906228491e+00
2.524999999999999911e+00 -4.250805389802167489e-02 1.074162951789128684e+00
2.580000000000000071e+00 -4.170199205509145940e-02 1.110764146980888434e+00
2.635000000000000231e+00 -4.155543535637687413e-02 1.145452515891270284e+00
2.689999999999999947e+00 -4.499951777616960358e-02 1.186173644612152689e+00
2.745000000000000107e+00 -4.027306424262427215e-02 1.221891996904815203e+00
2.799999999999999822e+00 -4.294772399416543068e-02 1.260479588619545011e+00
2.854999999999999982e+00 -4.060281681473208032e-02 1.297853271348015314e+00
2.910000000000000142e+00 -3.994331167051645703e-02 1.334160185573409541e+00
2.964999999999999858e+00 -4.232485802462843810e-02 1.372269570717794984e+00
3.020000000000000018e+00 -3.946700239969406360e-02 1.408208633735231308e+00
3.075000000000000178e+00 -4.078601268812531710e-02 1.446575514725187084e+00
3.129999999999999893e+00 -4.012650754390969382e-02 1.484353833782410703e+00
3.185000000000000053e+00 -3.935708487565812291e-02 1.520366467041438741e+00
3.240000000000000213e+00 -3.888077560483572948e-02 1.557666579528317774e+00
3.294999999999999929e+00 -4.221494050059251130e-02 1.595665609310316091e+00
3.350000000000000089e+00 -3.767168284044042359e-02 1.632892151555603411e+00
3.404999999999999805e+00 -4.038298176666021283e-02 1.671994734961473217e+00
3.459999999999999964e+00 -3.979675497180187871e-02 1.709441987931535456e+00
3.514999999999999680e+00 -3.994331167051645703e-02 1.746594959935231062e+00
3.570000000000000284e+00 -3.825790963529874383e-02 1.785292907012347996e+00
3.625000000000000000e+00 -3.979675497180187871e-02 1.822335523653657141e+00
3.679999999999999716e+00 -3.646259007604510383e-02 1.858679222999846559e+00
3.735000000000000320e+00 -3.935708487565812985e-02 1.897340384956168524e+00
3.790000000000000036e+00 -4.221494050059249742e-02 1.935081918892595843e+00
3.844999999999999751e+00 -4.115240443491176986e-02 1.971719899205151671e+00
3.900000000000000355e+00 -4.305764151820134361e-02 2.008946441450439657e+00
3.955000000000000071e+00 -4.056617764005344268e-02 2.047938669493922337e+00
4.009999999999999787e+00 -3.836782715933469146e-02 2.086930897537405016e+00
4.065000000000000391e+00 -3.888077560483573641e-02 2.122612464709271674e+00
4.120000000000000107e+00 -3.895405395419301864e-02 2.159471155746602644e+00
4.174999999999999822e+00 -4.008986836923104230e-02 2.201406193453744109e+00
4.230000000000000426e+00 -3.796479623786958024e-02 2.234181736082747616e+00
4.285000000000000142e+00 -3.708545604558208253e-02 2.275712137461136653e+00
4.339999999999999858e+00 -4.203174462719927451e-02 2.313380101155972479e+00
4.395000000000000462e+00 -3.873421890612114421e-02 2.351526271421153780e+00
4.450000000000000178e+00 -3.972347662244458955e-02 2.387833185646548007e+00
4.504999999999999893e+00 -3.550997153440031001e-02 2.423956174267963171e+00
4.559999999999999609e+00 -3.822127046062009925e-02 2.464346236901683973e+00
4.615000000000000213e+00 -3.818463128594146161e-02 2.501903845234132895e+00
4.669999999999999929e+00 -4.100584773619719847e-02 2.540307511344883640e+00
4.724999999999999645e+00 -4.261797142205760863e-02 2.578968673301205605e+00
4.780000000000000249e+00 -3.997995084519510162e-02 2.616305570908880274e+00
4.834999999999999964e+00 -3.833118798465603994e-02 2.653017121463028261e+00
4.889999999999999680e+00 -3.866094055676385505e-02 2.693517539459135968e+00
4.945000000000000284e+00 -3.833118798465603994e-02 2.733870816972061579e+00
5.000000000000000000e+00 -4.404689923452479589e-02 2.769699524627110332e+00
