-5.000000000000000000e-01 -5.093644176533274059e-01 -3.457737411523022913e-02
-4.450000000000000067e-01 -4.525004185520689615e-01 -1.658945004611401750e-02
-3.900000000000000133e-01 -3.967355946911699793e-01 -8.312797867072821770e-03
-3.349999999999999645e-01 -3.452575542676724618e-01 -3.567517284422535954e-03
-2.800000000000000266e-01 -2.904087097737396150e-01 -3.304266543975335952e-04
-2.249999999999999778e-01 -2.349736384849483994e-01 -2.905385110099239967e-03
-1.699999999999999845e-01 -1.793187321480853857e-01 -4.634285787498956810e-03
-1.149999999999999911e-01 -1.253858670211186188e-01 -5.774624532166856491e-03
-5.999999999999999778e-02 -6.929129058811180075e-02 -3.457161922035319451e-03
-5.000000000000004441e-03 -1.510195123839456165e-02 -2.427178539754636707e-03
5.000000000000004441e-02 3.696231597996121887e-02 4.189889201911044941e-02
1.049999999999999822e-01 9.364311920782639187e-02 9.781227562863320513e-02
1.600000000000000311e-01 1.466233657931483025e-01 1.487228828099355082e-01
2.149999999999999689e-01 2.011058185402947451e-01 2.026130847756926756e-01
2.700000000000000178e-01 2.554783537634051638e-01 2.589678898347643199e-01
3.249999999999999556e-01 3.132949714063083535e-01 3.153594800146316546e-01
3.800000000000000044e-01 3.661653004675943235e-01 3.681829134773124679e-01
4.350000000000000533e-01 4.198050521971318783e-01 4.242802226908137797e-01
4.899999999999999911e-01 4.745073399923503410e-01 4.776554329654305597e-01
5.449999999999999289e-01 5.296859370583908433e-01 5.315456349311877826e-01
6.000000000000000888e-01 5.818601218007826148e-01 5.859140434672894804e-01
6.550000000000000266e-01 6.374417497882882699e-01 6.397674603122508463e-01
7.099999999999999645e-01 6.913746149152552034e-01 6.960119100089352528e-01
7.649999999999999023e-01 7.476523872216552791e-01 7.482835666596802104e-01
8.200000000000000622e-01 8.031607368598036034e-01 8.053372890138705831e-01
8.750000000000000000e-01 8.537227979163348746e-01 8.575353754230238268e-01
9.299999999999999378e-01 9.090845908557689814e-01 9.134487590325462980e-01
9.850000000000000977e-01 9.635670436029155628e-01 9.659411264080655091e-01
1.040000000000000036e+00 1.019661620035922089e+00 1.021339518326447982e+00
1.094999999999999973e+00 1.073484567638852916e+00 1.075156150050613491e+00
1.149999999999999911e+00 1.126281618350781333e+00 1.131069533660136184e+00
1.205000000000000071e+00 1.182119720561037868e+00 1.183414760552472300e+00
1.260000000000000009e+00 1.239716503155869232e+00 1.237893524450961680e+00
1.314999999999999947e+00 1.290022089989650400e+00 1.292924065161386471e+00
1.370000000000000107e+00 1.345420522103762062e+00 1.349278870220457893e+00
1.425000000000000044e+00 1.400818954217875056e+00 1.400667683972105282e+00
1.479999999999999982e+00 1.457243283222990238e+00 1.457169629514359466e+00
1.535000000000000142e+00 1.508904519519880250e+00 1.508153806937253538e+00
1.589999999999999858e+00 1.564999095952887442e+00 1.564251116150754628e+00
1.645000000000000018e+00 1.617906064188851634e+00 1.621047342659375445e+00
1.700000000000000178e+00 1.674916619988824573e+00 1.676997511389693774e+00
1.754999999999999893e+00 1.726394660412321924e+00 1.728423110262136131e+00
1.810000000000000053e+00 1.784467752277975494e+00 1.786322890394628882e+00
1.865000000000000213e+00 1.836678576195046819e+00 1.838999183374126822e+00
1.919999999999999929e+00 1.890721358846048306e+00 1.893882583601368852e+00
1.975000000000000089e+00 1.945753399213375312e+00 1.948913124311793421e+00
2.029999999999999805e+00 2.001298388026202080e+00 2.002251549465615010e+00
2.084999999999999964e+00 2.053399294419236298e+00 2.058054577712750799e+00
2.140000000000000124e+00 2.109090839930778838e+00 2.111393002866571056e+00
2.194999999999999840e+00 2.165735003983964013e+00 2.167747807925643144e+00
2.250000000000000000e+00 2.220070900032396821e+00 2.221527654529013240e+00
2.305000000000000160e+00 2.272758033220288798e+00 2.274645368958059688e+00
2.359999999999999876e+00 2.325701640630932321e+00 2.330411612084399842e+00
2.415000000000000036e+00 2.381429825317153526e+00 2.386288210573126012e+00
2.470000000000000195e+00 2.437890793496945818e+00 2.439994486934905282e+00
2.524999999999999911e+00 2.491383988527769322e+00 2.492891490639177032e+00
2.580000000000000071e+00 2.546342750545737665e+00 2.546965618208913096e+00
2.635000000000000231e+00 2.598919966209594534e+00 2.601628307711380650e+00
2.689999999999999947e+00 2.654574872546457964e+00 2.657026699629764011e+00
2.745000000000000107e+00 2.712244933490647547e+00 2.710622620629154156e+00
2.799999999999999822e+00 2.765445015124039951e+00 2.765432450614805138e+00
2.854999999999999982e+00 2.819451158600364327e+00 2.820058354996477501e+00
2.910000000000000142e+00 2.876938023671160138e+00 2.861883037341231617e+00
2.964999999999999858e+00 2.930248022828588983e+00 2.863575152897836151e+00
3.020000000000000018e+00 2.984437362178307573e+00 2.863611938018631342e+00
3.075000000000000178e+00 3.040605216960670987e+00 2.864605136280116149e+00
3.129999999999999893e+00 3.096003649074783759e+00 2.864457995796933609e+00
3.185000000000000053e+00 3.153746988368328896e+00 2.865855830387170844e+00
3.240000000000000213e+00 3.206031090634756886e+00 2.863906218984997754e+00
3.294999999999999929e+00 3.257289296010183133e+00 2.864274070192955435e+00
3.350000000000000089e+00 3.313786903364654091e+00 2.863611938018631342e+00
3.404999999999999805e+00 3.370064675671055276e+00 2.865304053575234988e+00
3.459999999999999964e+00 3.425792860357274705e+00 2.863354442173061010e+00
3.514999999999999680e+00 3.480238673929742621e+00 2.863943004105792056e+00
3.570000000000000284e+00 3.533805147309922567e+00 2.865156913092052449e+00
3.625000000000000000e+00 3.590559228887144183e+00 2.868246863238894662e+00
3.679999999999999716e+00 3.647386588813725350e+00 2.868872210292421787e+00
3.735000000000000320e+00 3.698937907586580476e+00 2.867989367393325217e+00
3.790000000000000036e+00 3.751698319123829339e+00 2.870968962177779638e+00
3.844999999999999751e+00 3.810687390356450432e+00 2.876928151746689366e+00
3.900000000000000355e+00 3.864253863736629935e+00 2.880018101893530247e+00
3.955000000000000071e+00 3.916134935081593049e+00 2.884174820543448980e+00
4.009999999999999787e+00 3.972485985737349790e+00 2.891053638132251802e+00
4.065000000000000391e+00 4.026015819942852403e+00 2.896240340164452309e+00
4.120000000000000107e+00 4.082843179869432682e+00 2.899661356398454792e+00
4.174999999999999822e+00 4.138095055284829904e+00 2.905289479880202475e+00
4.230000000000000426e+00 4.189939487455114353e+00 2.911211884328317900e+00
4.285000000000000142e+00 4.244934888647760474e+00 2.917465354863593596e+00
4.339999999999999858e+00 4.302055361971769187e+00 2.922137065204651662e+00
4.395000000000000462e+00 4.353863154967376303e+00 2.931149419799607081e+00
4.450000000000000178e+00 4.408089133491771783e+00 2.939021435649896929e+00
4.504999999999999893e+00 4.464476823322207188e+00 2.942037815555146540e+00
4.559999999999999609e+00 4.519911894610997294e+00 2.948622352177584283e+00
4.615000000000000213e+00 4.570986904113030214e+00 2.955795450732753071e+00
4.669999999999999929e+00 4.627997459913003375e+00 2.961754640301663244e+00
4.724999999999999645e+00 4.679512139511180280e+00 2.967971325716142417e+00
4.780000000000000249e+00 4.733738118035576647e+00 2.974408721855396287e+00
4.834999999999999964e+00 4.791811209901228885e+00 2.983936068141492814e+00
4.889999999999999680e+00 4.846073827600303474e+00 2.993095563219631661e+00
4.945000000000000284e+00 4.899786857679197638e+00 3.001114719553102717e+00
5.000000000000000000e+00 4.952877021788557599e+00 3.012150255791824716e+00
