-5.000000000000000000e-01 -5.089247475571836432e-01 -3.270133295464755507e-02
-4.450000000000000067e-01 -4.514378824863882755e-01 -1.596410299258646179e-02
-3.900000000000000133e-01 -3.979080482808866615e-01 -5.627484048983899707e-03
-3.349999999999999645e-01 -3.416302759744864748e-01 -1.544335640656909663e-03
-2.800000000000000266e-01 -2.889797819612723861e-01 -3.199666076465147897e-03
-2.249999999999999778e-01 -2.344606900394473892e-01 -4.082508975562876459e-03
-1.699999999999999845e-01 -1.775234125888316972e-01 -6.767822793651799389e-03
-1.149999999999999911e-01 -1.226745680948988226e-01 -4.707856029090434768e-03
-5.999999999999999778e-02 -6.786236277564459962e-02 -4.781426270681910992e-03
-5.000000000000004441e-03 -1.389285847399925056e-02 -1.728261244635603041e-03
5.000000000000004441e-02 4.029648087571800763e-02 4.234031346865929635e-02
1.049999999999999822e-01 9.565827381515187855e-02 9.472232548179114475e-02
1.600000000000000311e-01 1.474660668107571626e-01 1.519231883191647925e-01
2.149999999999999689e-01 2.032675298463348101e-01 2.050041176274156607e-01
2.700000000000000178e-01 2.579331784668744132e-01 2.618371292568318909e-01
3.249999999999999556e-01 3.164825796033505778e-01 3.128948769213170666e-01
3.800000000000000044e-01 3.646630943057699303e-01 3.665643681622998695e-01
4.350000000000000533e-01 4.208309490881339543e-01 4.214477683895420101e-01
4.899999999999999911e-01 4.774751131413205174e-01 4.755218959592776851e-01
5.449999999999999289e-01 5.304553597266423726e-01 5.294856681666263443e-01
6.000000000000000888e-01 5.839485547574654323e-01 5.856565476217192590e-01
6.550000000000000266e-01 6.357197085783919954e-01 6.396938900706594655e-01
7.099999999999999645e-01 6.900922438015025806e-01 6.920391169629953598e-01
7.649999999999999023e-01 7.474691913482619521e-01 7.479892856933140211e-01
8.200000000000000622e-01 8.009257472044062354e-01 8.040498097860196980e-01
8.750000000000000000e-01 8.561776226198042350e-01 8.543350699137942650e-01
9.299999999999999378e-01 9.066297661522993989e-01 9.108002303352532580e-01
9.850000000000000977e-01 9.645929404939174168e-01 9.654629198377209232e-01
1.040000000000000036e+00 1.019478424162528762e+00 1.020419890306554445e+00
1.094999999999999973e+00 1.072238835699778958e+00 1.072250125507750118e+00
1.149999999999999911e+00 1.126941123494997310e+00 1.127758872788519717e+00
1.205000000000000071e+00 1.179518339158854179e+00 1.180214455043242960e+00
1.260000000000000009e+00 1.234220626954072531e+00 1.239217788799608089e+00
1.314999999999999947e+00 1.290241925037721726e+00 1.289466263806587243e+00
1.370000000000000107e+00 1.343295449972400135e+00 1.344202523550646067e+00
1.425000000000000044e+00 1.396715366653866974e+00 1.399968766676986442e+00
1.479999999999999982e+00 1.453579365755125696e+00 1.453858968642742999e+00
1.535000000000000142e+00 1.510003694760239767e+00 1.510029848097836247e+00
1.589999999999999858e+00 1.562251157851989092e+00 1.563883264942797391e+00
1.645000000000000018e+00 1.613142971480627574e+00 1.612586764876355216e+00
1.700000000000000178e+00 1.672132042713247779e+00 1.670008338438503825e+00
1.754999999999999893e+00 1.727786949050110987e+00 1.727466697121447403e+00
1.810000000000000053e+00 1.778165814233248820e+00 1.780621196671289042e+00
1.865000000000000213e+00 1.834077194792862908e+00 1.834217117670680963e+00
1.919999999999999929e+00 1.889255791858902800e+00 1.837159927334339526e+00
1.975000000000000089e+00 1.943042100287155183e+00 1.834768894482616597e+00
2.029999999999999805e+00 1.998660367449339059e+00 1.837307067817522288e+00
2.084999999999999964e+00 2.054974778930418466e+00 1.837969199991846159e+00
2.140000000000000124e+00 2.109860262599029923e+00 1.838116340475028920e+00
2.194999999999999840e+00 2.166431148302858656e+00 1.835909233227284831e+00
2.250000000000000000e+00 2.220254095905789704e+00 1.838925613132535108e+00
2.305000000000000160e+00 2.272611476521574581e+00 1.836019588589672180e+00
2.359999999999999876e+00 2.327826712762294026e+00 1.835982803468876323e+00
2.415000000000000036e+00 2.385276938658411172e+00 1.837490993421501351e+00
2.470000000000000195e+00 2.440821927471237274e+00 1.838668117286965220e+00
2.524999999999999911e+00 2.493252586436380813e+00 1.840875224534709309e+00
2.580000000000000071e+00 2.551362317476712160e+00 1.843082331782453620e+00
2.635000000000000231e+00 2.602473966153423746e+00 1.842125918641764448e+00
2.689999999999999947e+00 2.662782047674473684e+00 1.845399794392584836e+00
2.745000000000000107e+00 2.717777448867123358e+00 1.849482942800912300e+00
2.799999999999999822e+00 2.771710313994088626e+00 1.856766396718468659e+00
2.854999999999999982e+00 2.823847859561801954e+00 1.862210594596237945e+00
2.910000000000000142e+00 2.879502765898665384e+00 1.868169784165147673e+00
2.964999999999999858e+00 2.935560703156993689e+00 1.874827891029176241e+00
3.020000000000000018e+00 2.987258578628563033e+00 1.881853849101161602e+00
3.075000000000000178e+00 3.044928639572750395e+00 1.888475170844394979e+00
3.129999999999999893e+00 3.099447731494576974e+00 1.897193244472985096e+00
3.185000000000000053e+00 3.153893545067044002e+00 1.906095243705554054e+00
3.240000000000000213e+00 3.207460018447223504e+00 1.912790135690378479e+00
3.294999999999999929e+00 3.262638615513264728e+00 1.922207126614087436e+00
3.350000000000000089e+00 3.318696552771592589e+00 1.931771258020979598e+00
3.404999999999999805e+00 3.371237129260771237e+00 1.939348992904902369e+00
3.459999999999999964e+00 3.426232530453419578e+00 1.947257793875985854e+00
3.514999999999999680e+00 3.481008096597993262e+00 1.957594412819588348e+00
3.570000000000000284e+00 3.534537930803497208e+00 1.968924230024675648e+00
3.625000000000000000e+00 3.592317909271720566e+00 1.979886196021805711e+00
3.679999999999999716e+00 3.648339207355370206e+00 1.992025285884399866e+00
3.735000000000000320e+00 3.700000443652260440e+00 2.005598995458027112e+00
3.790000000000000036e+00 3.753786752080513267e+00 2.018473787736535741e+00
3.844999999999999751e+00 3.810284359434985113e+00 2.035431728423371389e+00
3.900000000000000355e+00 3.862715018400126876e+00 2.054927842445112507e+00
3.955000000000000071e+00 3.917783697942132104e+00 2.079573873378257609e+00
4.009999999999999787e+00 3.971643284719739597e+00 2.107714490786998240e+00
4.065000000000000391e+00 4.025795984894780410e+00 2.141188950711120143e+00
4.120000000000000107e+00 4.079802128371103898e+00 2.176539451795825197e+00
4.174999999999999822e+00 4.134467776991644250e+00 2.214464911336231800e+00
4.230000000000000426e+00 4.191295136918223641e+00 2.249190065367408398e+00
4.285000000000000142e+00 4.244348661852901827e+00 2.286343037371104447e+00
4.339999999999999858e+00 4.301872166098376304e+00 2.327726298266310945e+00
4.395000000000000462e+00 4.354376103412875842e+00 2.366019609014674785e+00
4.450000000000000178e+00 4.404754968596013676e+00 2.403577217347123263e+00
4.504999999999999893e+00 4.462168555317452601e+00 2.438044875532730860e+00
4.559999999999999609e+00 4.519179111117423986e+00 2.475749624348362765e+00
4.615000000000000213e+00 4.573002058720355478e+00 2.512829026110467989e+00
4.669999999999999929e+00 4.625359439336140355e+00 2.550644130288486799e+00
4.724999999999999645e+00 4.678449603445498539e+00 2.588348879104119593e+00
4.780000000000000249e+00 4.732492386096502024e+00 2.626899685698052878e+00
4.834999999999999964e+00 4.785948941952645086e+00 2.661992690937188488e+00
4.889999999999999680e+00 4.845341044106730166e+00 2.703670232798760065e+00
4.945000000000000284e+00 4.899676940155162974e+00 2.743324593016566837e+00
5.000000000000000000e+00 4.950385557910408352e+00 2.780072928691509127e+00
