-5.000000000000000000e-01 -5.135779227413717063e-01 -3.685805160456601809e-02
-4.450000000000000067e-01 -4.579230164045085538e-01 -1.842870608590095605e-02
-3.900000000000000133e-01 -4.012422131766434363e-01 -1.055669023561287868e-02
-3.349999999999999645e-01 -3.474559047483912755e-01 -8.128872263094128608e-03
-2.800000000000000266e-01 -2.945122973377479192e-01 -4.818211391477649971e-03
-2.249999999999999778e-01 -2.394802569704218287e-01 -1.875401727818557223e-03
-1.699999999999999845e-01 -1.843749382537384907e-01 -4.965351874660604153e-03
-1.149999999999999911e-01 -1.276574958511946523e-01 -5.811409652962594603e-03
-5.999999999999999778e-02 -7.453069256715816326e-02 -7.098888880813444997e-03
-5.000000000000004441e-03 -1.730030171911331113e-02 -7.319599605587877138e-03
5.000000000000004441e-02 3.707223350399715955e-02 3.682254534929851192e-02
1.049999999999999822e-01 9.280041819021751792e-02 9.339806113314455538e-02
1.600000000000000311e-01 1.422999431810680615e-01 1.447500897639957540e-01
2.149999999999999689e-01 1.975884577711446710e-01 2.004427626487440273e-01
2.700000000000000178e-01 2.548921269685469060e-01 2.565768569830412238e-01
3.249999999999999556e-01 3.112065384496255915e-01 3.116441828142620385e-01
3.800000000000000044e-01 3.619884345542287440e-01 3.641365501897811385e-01
4.350000000000000533e-01 4.148221244408361041e-01 4.162242812365469780e-01
4.899999999999999911e-01 4.715762060180585524e-01 4.722480202084569645e-01
5.449999999999999289e-01 5.258388237171330859e-01 5.281981889387754592e-01
6.000000000000000888e-01 5.795518537960279160e-01 5.831551594076090916e-01
6.550000000000000266e-01 6.324221828573138859e-01 6.367510804070002361e-01
7.099999999999999645e-01 6.877473366220692164e-01 6.896848692320680652e-01
7.649999999999999023e-01 7.435121604829683095e-01 7.441636331305571117e-01
8.200000000000000622e-01 7.977381390073640111e-01 7.988263226330247768e-01
8.750000000000000000e-01 8.520373958811169324e-01 8.547764913633429940e-01
9.299999999999999378e-01 9.044314156715809183e-01 9.070481480140878405e-01
9.850000000000000977e-01 9.614053322968751925e-01 9.648007876633977187e-01
1.040000000000000036e+00 1.014678692279626260e+00 1.016888518710163503e+00
1.094999999999999973e+00 1.067842134738341331e+00 1.069344100964886746e+00
1.149999999999999911e+00 1.120639185450270192e+00 1.126140327473507341e+00
1.205000000000000071e+00 1.175268194896130991e+00 1.178154488278681855e+00
1.260000000000000009e+00 1.230483431136850214e+00 1.233552880197064328e+00
1.314999999999999947e+00 1.286797842617929399e+00 1.283176008150515912e+00
1.370000000000000107e+00 1.339851367552608030e+00 1.340009019779932142e+00
1.425000000000000044e+00 1.392831614137930218e+00 1.394892420007174172e+00
1.479999999999999982e+00 1.448413242125436762e+00 1.450511522650330898e+00
1.535000000000000142e+00 1.504031509287620416e+00 1.503445311475398949e+00
1.589999999999999858e+00 1.557781178541194356e+00 1.559211554601738658e+00
1.645000000000000018e+00 1.609955363283585239e+00 1.611152145165321681e+00
1.700000000000000178e+00 1.667808620101167483e+00 1.665851619788585092e+00
1.754999999999999893e+00 1.722804021293815158e+00 1.723567474317099224e+00
1.810000000000000053e+00 1.775527793656386022e+00 1.778340519181953461e+00
1.865000000000000213e+00 1.829020988687209304e+00 1.833444630133969966e+00
1.919999999999999929e+00 1.882807297115461020e+00 1.883545964657766358e+00
1.975000000000000089e+00 1.936447048844999186e+00 1.938723645851374133e+00
2.029999999999999805e+00 1.993311047946257020e+00 1.994637029460897271e+00
2.084999999999999964e+00 2.045521871863327679e+00 2.050660768432807313e+00
2.140000000000000124e+00 2.100407355531939579e+00 2.104587755519359948e+00
2.194999999999999840e+00 2.154010468086797747e+00 2.157779040189998110e+00
2.250000000000000000e+00 2.209482178550268294e+00 2.213067076745993234e+00
2.305000000000000160e+00 2.264624136441629965e+00 2.267950476973235041e+00
2.359999999999999876e+00 2.314160300607159382e+00 2.319560001449656905e+00
2.415000000000000036e+00 2.371976918250062294e+00 2.374296261193716173e+00
2.470000000000000195e+00 2.429280587447464335e+00 2.431386768668702292e+00
2.524999999999999911e+00 2.480795267045640795e+00 2.481046681742949289e+00
2.580000000000000071e+00 2.536303616683788675e+00 2.536849709990084634e+00
2.635000000000000231e+00 2.591299017876436128e+00 2.592100961425284122e+00
2.689999999999999947e+00 2.644682295383223192e+00 2.644924394887965047e+00
2.745000000000000107e+00 2.701912686231268790e+00 2.699881365356799012e+00
2.799999999999999822e+00 2.752987695733300821e+00 2.752410517853112637e+00
2.854999999999999982e+00 2.806883921685589200e+00 2.810383868227197546e+00
2.910000000000000142e+00 2.864663900153813447e+00 2.864126929709771563e+00
2.964999999999999858e+00 2.918157095184636951e+00 2.917097503655636359e+00
3.020000000000000018e+00 2.971064063420600920e+00 2.916214660756538013e+00
3.075000000000000178e+00 3.025912907914533712e+00 2.917023933414044645e+00
3.129999999999999893e+00 3.081274700853968262e+00 2.919488536507358845e+00
3.185000000000000053e+00 3.138138699955225430e+00 2.915552528582214808e+00
3.240000000000000213e+00 3.192547874353015125e+00 2.914522545199933479e+00
3.294999999999999929e+00 3.246773852877410604e+00 2.916876792930860773e+00
3.350000000000000089e+00 3.302135645816843823e+00 2.917796420950755198e+00
3.404999999999999805e+00 3.356691376913349067e+00 2.916729652447678234e+00
3.459999999999999964e+00 3.411943252328746290e+00 2.916288230998129283e+00
3.514999999999999680e+00 3.467634797840288385e+00 2.919120685299400719e+00
3.570000000000000284e+00 3.522776755731650500e+00 2.916876792930862106e+00
3.625000000000000000e+00 3.577332486828154856e+00 2.917722850709163041e+00
3.679999999999999716e+00 3.634123207580056469e+00 2.920334594285660224e+00
3.735000000000000320e+00 3.685564608828873379e+00 2.920518519889639730e+00
3.790000000000000036e+00 3.742941556375634526e+00 2.925852362405021889e+00
3.844999999999999751e+00 3.795189019467382519e+00 2.929457304243003879e+00
3.900000000000000355e+00 3.853042276284964540e+00 2.931186204920403604e+00
3.955000000000000071e+00 3.907048419761288471e+00 2.937182179610108523e+00
4.009999999999999787e+00 3.960175223045324433e+00 2.941669964347189303e+00
4.065000000000000391e+00 4.015756851032831420e+00 2.947114162224958811e+00
4.120000000000000107e+00 4.071301839845657966e+00 2.955059748316838153e+00
4.174999999999999822e+00 4.129008539964526214e+00 2.958076128222088652e+00
4.230000000000000426e+00 4.180633137086737783e+00 2.967640259628980814e+00
4.285000000000000142e+00 4.233576744497380417e+00 2.970509499051048774e+00
4.339999999999999858e+00 4.289378207532958953e+00 2.980588622149081601e+00
4.395000000000000462e+00 4.345912454062109020e+00 2.985554613456505191e+00
4.450000000000000178e+00 4.397830164581749912e+00 2.990447034522338843e+00
4.504999999999999893e+00 4.452825565774397809e+00 2.998576546218196803e+00
4.559999999999999609e+00 4.507601131918972825e+00 3.003285041680051393e+00
4.615000000000000213e+00 4.563475873303908692e+00 3.012996313570126095e+00
4.669999999999999929e+00 4.617628573478946841e+00 3.018624437051874221e+00
4.724999999999999645e+00 4.668044077836763783e+00 3.027747147009217876e+00
4.780000000000000249e+00 4.723808901697662321e+00 3.035508807497118600e+00
4.834999999999999964e+00 4.781845354388638114e+00 3.043932600159342972e+00
4.889999999999999680e+00 4.835558384467532278e+00 3.052503533304749439e+00
4.945000000000000284e+00 4.891066734105680602e+00 3.060154838430263258e+00
5.000000000000000000e+00 4.944303454913753448e+00 3.069755754957951055e+00
