-5.000000000000000000e-01 -5.094743351773632911e-01 -3.534986165194073382e-02
-4.450000000000000067e-01 -4.548819649061809911e-01 -1.787692927396487483e-02
-3.900000000000000133e-01 -4.002163162856413048e-01 -7.282814484792139893e-03
-3.349999999999999645e-01 -3.487016366874651219e-01 -4.707856029090434768e-03
-2.800000000000000266e-01 -2.892362561840229329e-01 -5.222847720230774406e-03
-2.249999999999999778e-01 -2.339477415939463789e-01 -2.647889264529069281e-03
-1.699999999999999845e-01 -1.760578456016858861e-01 -2.831814868507762442e-03
-1.149999999999999911e-01 -1.236638258112222610e-01 -5.737839411371113175e-03
-5.999999999999999778e-02 -6.987751738297014181e-02 -3.751442888401229116e-03
-5.000000000000004441e-03 -1.400277599803518430e-02 -2.206467814980205434e-03
5.000000000000004441e-02 3.912402728600133245e-02 4.274494979741243206e-02
1.049999999999999822e-01 9.441254187607794890e-02 9.589944934725479209e-02
1.600000000000000311e-01 1.480156544309368660e-01 1.524749651311008425e-01
2.149999999999999689e-01 2.012157360643306303e-01 2.041580598491136989e-01
2.700000000000000178e-01 2.567973640518363965e-01 2.602921541834108399e-01
3.249999999999999556e-01 3.117194868951266851e-01 3.154330502562231464e-01
3.800000000000000044e-01 3.652126819259495782e-01 3.687346902892484346e-01
4.350000000000000533e-01 4.200615264198824805e-01 4.231766690669415687e-01
4.899999999999999911e-01 4.756065152327095258e-01 4.766254495831498961e-01
5.449999999999999289e-01 5.315545349670018904e-01 5.304052961865197702e-01
6.000000000000000888e-01 5.846813382510382961e-01 5.849208452058045626e-01
6.550000000000000266e-01 6.363425745479289741e-01 6.375603530645065353e-01
7.099999999999999645e-01 6.922905942822213943e-01 6.925541086541358027e-01
7.649999999999999023e-01 7.456005934396509049e-01 7.480260708141096559e-01
8.200000000000000622e-01 8.017684482220150954e-01 8.033508924909007476e-01
8.750000000000000000e-01 8.527701793746901293e-01 8.565789622823344329e-01
9.299999999999999378e-01 9.076190238686228096e-01 9.110577261808235905e-01
9.850000000000000977e-01 9.651425281140970647e-01 9.651318537505594319e-01
1.040000000000000036e+00 1.019881455083994082e+00 1.021155592722469363e+00
1.094999999999999973e+00 1.072678505795922721e+00 1.072765117198890561e+00
1.149999999999999911e+00 1.123313845201811212e+00 1.125809261386345961e+00
1.205000000000000071e+00 1.181863246338287210e+00 1.181428364029502687e+00
1.260000000000000009e+00 1.235283163019752939e+00 1.237819954209370188e+00
1.314999999999999947e+00 1.291670852850189233e+00 1.291415875208761443e+00
1.370000000000000107e+00 1.339961285076643804e+00 1.342363267510859215e+00
1.425000000000000044e+00 1.397741263544868717e+00 1.398681287449135002e+00
1.479999999999999982e+00 1.449512417365795836e+00 1.454337175213088029e+00
1.535000000000000142e+00 1.505826828846874132e+00 1.508117021816457459e+00
1.589999999999999858e+00 1.559100188829625644e+00 1.560866885037546892e+00
1.645000000000000018e+00 1.616000827105562365e+00 1.616559557922295554e+00
1.700000000000000178e+00 1.668687960293454786e+00 1.670192264042482444e+00
1.754999999999999893e+00 1.723573443962066909e+00 1.725590655960864694e+00
1.810000000000000053e+00 1.778825319377464131e+00 1.780474056188106280e+00
1.865000000000000213e+00 1.834077194792862908e+00 1.837527778542297430e+00
1.919999999999999929e+00 1.885518596041680928e+00 1.892484749011131395e+00
1.975000000000000089e+00 1.941576533300009455e+00 1.946522091460070714e+00
2.029999999999999805e+00 1.996755130366050679e+00 1.997506268882965008e+00
2.084999999999999964e+00 2.048819397584405788e+00 2.051948247660658087e+00
2.140000000000000124e+00 2.103888077126411016e+00 2.106942003250286799e+00
2.194999999999999840e+00 2.159689540161987775e+00 2.161935758839916399e+00
2.250000000000000000e+00 2.213622405288955264e+00 2.212552085054853013e+00
2.305000000000000160e+00 2.265210363236488167e+00 2.266000865571061063e+00
2.359999999999999876e+00 2.317750939725666370e+00 2.313821522605521430e+00
2.415000000000000036e+00 2.376117144988749708e+00 2.314483654779844635e+00
2.470000000000000195e+00 2.432724669867256662e+00 2.313637597001542812e+00
2.524999999999999911e+00 2.486804091692938812e+00 2.312607613619261926e+00
2.580000000000000071e+00 2.542752111427230677e+00 2.312644398740058005e+00
2.635000000000000231e+00 2.597088007475663041e+00 2.314189373813478667e+00
2.689999999999999947e+00 2.650471284982449216e+00 2.315072216712577013e+00
2.745000000000000107e+00 2.709826747961856519e+00 2.314005448209500049e+00
2.799999999999999822e+00 2.762000932704247624e+00 2.315035431591780490e+00
2.854999999999999982e+00 2.815640684433785346e+00 2.312497258256875021e+00
2.910000000000000142e+00 2.872284848486971853e+00 2.312644398740057561e+00
2.964999999999999858e+00 2.927903115649156174e+00 2.316948257873159278e+00
3.020000000000000018e+00 2.980590248837049039e+00 2.315513638162125076e+00
3.075000000000000178e+00 3.037271052064913324e+00 2.319596786570452540e+00
3.129999999999999893e+00 3.092999236751134084e+00 2.323532794495596576e+00
3.185000000000000053e+00 3.147554967847637997e+00 2.329271273339731607e+00
3.240000000000000213e+00 3.204602162822288935e+00 2.335487958754211668e+00
3.294999999999999929e+00 3.255420698101572530e+00 2.340270024457657083e+00
3.350000000000000089e+00 3.314409769334190958e+00 2.351526271421153336e+00
3.404999999999999805e+00 3.367206820046120264e+00 2.360869692103271689e+00
3.459999999999999964e+00 3.423777705749949885e+00 2.370507393751754677e+00
3.514999999999999680e+00 3.477747210051594706e+00 2.383051119943101703e+00
3.570000000000000284e+00 3.530654178287560008e+00 2.389562086323947288e+00
3.625000000000000000e+00 3.585063352685347926e+00 2.399898705267550003e+00
3.679999999999999716e+00 3.641231207467713116e+00 2.411596373680594763e+00
3.735000000000000320e+00 3.695896856088251692e+00 2.422742265281704110e+00
3.790000000000000036e+00 3.749060298546967207e+00 2.433336380070876270e+00
3.844999999999999751e+00 3.805960936822905261e+00 2.446284742590976613e+00
3.900000000000000355e+00 3.858318317438689249e+00 2.458791683661527561e+00
3.955000000000000071e+00 3.913753388727480242e+00 2.471703261060831380e+00
4.009999999999999787e+00 3.967612975505089068e+00 2.483768780681834265e+00
4.065000000000000391e+00 4.021912232378843655e+00 2.495576804457265929e+00
4.120000000000000107e+00 4.077933530462494183e+00 2.509849431326012681e+00
4.174999999999999822e+00 4.133478519275320728e+00 2.523055289691682912e+00
4.230000000000000426e+00 4.186238930812571368e+00 2.537254346318838394e+00
4.285000000000000142e+00 4.241417527878610372e+00 2.553255873864983982e+00
4.339999999999999858e+00 4.295570228053649409e+00 2.565468533969169851e+00
4.395000000000000462e+00 4.352104474582801252e+00 2.582720755622371023e+00
4.450000000000000178e+00 4.402703174814010190e+00 2.596809456887138712e+00
4.504999999999999893e+00 4.459530534740590468e+00 2.615753794096944418e+00
4.559999999999999609e+00 4.514452657583879258e+00 2.630136776328077186e+00
4.615000000000000213e+00 4.568422161885525412e+00 2.647021146773322453e+00
4.669999999999999929e+00 4.623893872348994627e+00 2.662838748715490311e+00
4.724999999999999645e+00 4.676471088012852384e+00 2.681856656166886843e+00
4.780000000000000249e+00 4.732052716000358927e+00 2.702014902362951609e+00
4.834999999999999964e+00 4.789099910975009422e+00 2.721253520539122839e+00
4.889999999999999680e+00 4.841054260669328535e+00 2.745347774660331641e+00
4.945000000000000284e+00 4.897588507198479491e+00 2.772311268203607959e+00
5.000000000000000000e+00 4.950312279561051021e+00 2.796920514015956982e+00
