-5.000000000000000000e-01 -5.097308094001139489e-01 -3.325310976658363282e-02
-4.450000000000000067e-01 -4.564574494173627150e-01 -1.662623516690975994e-02
-3.900000000000000133e-01 -3.961860070709901649e-01 -5.590698928188161596e-03
-3.349999999999999645e-01 -3.458437810625307751e-01 -3.935368492379922277e-03
-2.800000000000000266e-01 -2.899690396775959633e-01 -4.266434579541569620e-03
-2.249999999999999778e-01 -2.358896178519145626e-01 -6.547112068877366381e-03
-1.699999999999999845e-01 -1.791721754493708074e-01 -2.169682694184466454e-03
-1.149999999999999911e-01 -1.232607948897571776e-01 -2.574319022937591756e-03
-5.999999999999999778e-02 -7.024390912975658763e-02 -3.530732163626796975e-03
-5.000000000000004441e-03 -1.543170381050237502e-02 -3.530732163626796542e-03
5.000000000000004441e-02 3.831796544307111696e-02 4.381171830048884858e-02
1.049999999999999822e-01 9.595138721258107684e-02 9.729728393749287330e-02
1.600000000000000311e-01 1.464401699197550866e-01 1.488700232931184642e-01
2.149999999999999689e-01 2.032308906716562003e-01 2.029073657420585597e-01
2.700000000000000178e-01 2.599116938995213455e-01 2.595196666467003421e-01
3.249999999999999556e-01 3.132949714063083535e-01 3.124534554717682822e-01
3.800000000000000044e-01 3.655424344980574003e-01 3.668954342494614718e-01
4.350000000000000533e-01 4.176433408910918965e-01 4.214845535103377006e-01
4.899999999999999911e-01 4.759362678048172923e-01 4.752644001137076302e-01
5.449999999999999289e-01 5.305286380759999254e-01 5.309570729984559589e-01
6.000000000000000888e-01 5.854507609192899364e-01 5.848472749642129598e-01
6.550000000000000266e-01 6.373684714389311612e-01 6.376707084268937731e-01
7.099999999999999645e-01 6.919242025354349623e-01 6.917080508758337576e-01
7.649999999999999023e-01 7.481286964924777072e-01 7.472535832773992137e-01
8.200000000000000622e-01 8.010356647284421205e-01 8.038658841820410794e-01
8.750000000000000000e-01 8.567272102399838829e-01 8.555489789000538803e-01
9.299999999999999378e-01 9.105867970175932635e-01 9.126394863750403319e-01
9.850000000000000977e-01 9.643364662711666480e-01 9.673757461190993778e-01
1.040000000000000036e+00 1.022702671534249763e+00 1.021155592722469141e+00
1.094999999999999973e+00 1.072861701669315826e+00 1.072213340386954483e+00
1.149999999999999911e+00 1.127857102861963057e+00 1.129193492499553697e+00
1.205000000000000071e+00 1.182742586530574735e+00 1.181796215237459924e+00
1.260000000000000009e+00 1.238031101120651511e+00 1.237930309571757093e+00
1.314999999999999947e+00 1.291927327072939669e+00 1.292556213953428568e+00
1.370000000000000107e+00 1.343478645845794350e+00 1.345600358140884412e+00
1.425000000000000044e+00 1.397484789322118059e+00 1.399784841073007380e+00
1.479999999999999982e+00 1.454385427598055891e+00 1.453858968642742555e+00
1.535000000000000142e+00 1.508831241170522697e+00 1.507785955729296079e+00
1.589999999999999858e+00 1.563753364013813707e+00 1.562853281560516727e+00
1.645000000000000018e+00 1.617356476568671653e+00 1.619208086619587927e+00
1.700000000000000178e+00 1.673487692176357289e+00 1.673539710034894545e+00
1.754999999999999893e+00 1.729582268609365148e+00 1.728018473933383037e+00
1.810000000000000053e+00 1.782635793544043334e+00 1.780142990100945122e+00
1.865000000000000213e+00 1.834626782413042445e+00 1.836939216609565273e+00
1.919999999999999929e+00 1.888852760937437480e+00 1.891896187078398572e+00
1.975000000000000089e+00 1.946559461056305507e+00 1.947294578996781489e+00
2.029999999999999805e+00 2.000052656087128344e+00 2.000743359512989539e+00
2.084999999999999964e+00 2.053582490292629625e+00 2.055516404377844442e+00
2.140000000000000124e+00 2.109750345074994371e+00 2.057649941383997483e+00
2.194999999999999840e+00 2.162400839088207682e+00 2.055626759740231790e+00
2.250000000000000000e+00 2.220437291779183031e+00 2.056215321672963281e+00
2.305000000000000160e+00 2.274333517731471410e+00 2.060224899839698587e+00
2.359999999999999876e+00 2.325994754028362088e+00 2.058495999162299750e+00
2.415000000000000036e+00 2.382932031478977919e+00 2.056362462156146709e+00
2.470000000000000195e+00 2.437121370828694289e+00 2.056656743122512232e+00
2.524999999999999911e+00 2.494058648279311008e+00 2.058275288437525496e+00
2.580000000000000071e+00 2.549860111314888211e+00 2.055921040706597758e+00
2.635000000000000231e+00 2.604122729013962356e+00 2.056767098484899581e+00
2.689999999999999947e+00 2.661206563163292849e+00 2.058054577712751243e+00
2.745000000000000107e+00 2.714992871591545232e+00 2.055810685344210409e+00
2.799999999999999822e+00 2.768632623321082065e+00 2.061218098101184282e+00
2.854999999999999982e+00 2.826082849217198767e+00 2.064160907764843067e+00
2.910000000000000142e+00 2.881701116379383976e+00 2.071922568252744234e+00
2.964999999999999858e+00 2.935450785632956805e+00 2.075233229124360257e+00
3.020000000000000018e+00 2.991655279589999772e+00 2.085643418309554242e+00
3.075000000000000178e+00 3.043389794236247337e+00 2.092301525173583254e+00
3.129999999999999893e+00 3.098934783049074770e+00 2.101828871459679338e+00
3.185000000000000053e+00 3.157264349137478998e+00 2.110878011175431279e+00
3.240000000000000213e+00 3.209695008102620761e+00 2.121803192051765485e+00
3.294999999999999929e+00 3.262858450561337165e+00 2.130300554955581127e+00
3.350000000000000089e+00 3.318403439374163266e+00 2.140416463174410033e+00
3.404999999999999805e+00 3.375743747746245305e+00 2.152849834003369267e+00
3.459999999999999964e+00 3.428394241759459060e+00 2.164841783382779994e+00
3.514999999999999680e+00 3.479799003833599524e+00 2.175730179138318565e+00
3.570000000000000284e+00 3.533402116388458136e+00 2.186287508806695534e+00
3.625000000000000000e+00 3.591878239175575693e+00 2.196624127750298250e+00
3.679999999999999716e+00 3.646507248621437824e+00 2.210823184377453288e+00
3.735000000000000320e+00 3.701722484862155493e+00 2.223072629602433903e+00
3.790000000000000036e+00 3.754226422176656808e+00 2.236535983813674466e+00
3.844999999999999751e+00 3.811933122295524612e+00 2.249741842179344697e+00
3.900000000000000355e+00 3.865316399802309455e+00 2.264455890497640400e+00
3.955000000000000071e+00 3.917893615466168100e+00 2.276079988669093890e+00
4.009999999999999787e+00 3.974134748597889288e+00 2.290683681625001800e+00
4.065000000000000391e+00 4.029606459061358947e+00 2.305912721634437723e+00
4.120000000000000107e+00 4.082147035550537595e+00 2.321619968214217788e+00
4.174999999999999822e+00 4.138498086206295667e+00 2.335598314116599017e+00
4.230000000000000426e+00 4.191918002887760508e+00 2.350275577314098641e+00
4.285000000000000142e+00 4.246693569032335525e+00 2.371059170563690532e+00
4.339999999999999858e+00 4.302275197019842068e+00 2.390592069706228173e+00
4.395000000000000462e+00 4.356244701321487334e+00 2.409646762278420784e+00
4.450000000000000178e+00 4.410580597369918365e+00 2.432563892534166161e+00
4.504999999999999893e+00 4.465649276911924481e+00 2.456658146655374964e+00
4.559999999999999609e+00 4.521963688393002556e+00 2.487042656432654208e+00
4.615000000000000213e+00 4.573624924689893234e+00 2.520222835390411031e+00
4.669999999999999929e+00 4.627850903214288714e+00 2.556787245461374702e+00
4.724999999999999645e+00 4.685008015712976537e+00 2.590629556593454286e+00
4.780000000000000249e+00 4.737182200455368530e+00 2.631865677005477799e+00
4.834999999999999964e+00 4.790602117136833371e+00 2.667142607848590696e+00
4.889999999999999680e+00 4.845524239980123937e+00 2.707643025844699736e+00
4.945000000000000284e+00 4.902278321557345997e+00 2.748253799203195680e+00
5.000000000000000000e+00 4.955624959889454395e+00 2.786694250434742059e+00
