-5.000000000000000000e-01 -5.109399021645092409e-01 -3.387845682011118853e-02
-4.450000000000000067e-01 -4.512913257876736139e-01 -1.802406975714782728e-02
-3.900000000000000133e-01 -3.980912441542798219e-01 -5.517128686596685372e-03
-3.349999999999999645e-01 -3.435721522324547972e-01 -3.898583371584183731e-03
-2.800000000000000266e-01 -2.896026479308094759e-01 6.394327641141371834e-07
-2.249999999999999778e-01 -2.341309374673395394e-01 -5.553913807392422616e-03
-1.699999999999999845e-01 -1.790622579253347835e-01 -2.942170230894978512e-03
-1.149999999999999911e-01 -1.224547330468269413e-01 -1.213269553495261452e-03
-5.999999999999999778e-02 -6.958440398554097128e-02 -5.259632841026513385e-03
-5.000000000000004441e-03 -1.326999250446226838e-02 -6.583897189673106227e-03
5.000000000000004441e-02 3.971025408085966657e-02 4.028034670409794821e-02
1.049999999999999822e-01 9.488885114690037703e-02 9.325092064996159946e-02
1.600000000000000311e-01 1.466233657931482748e-01 1.499367917961948737e-01
2.149999999999999689e-01 2.024614680034045877e-01 2.018038121181863764e-01
2.700000000000000178e-01 2.564676114797285744e-01 2.594460964051088503e-01
3.249999999999999556e-01 3.117194868951265740e-01 3.135570090956404377e-01
3.800000000000000044e-01 3.684369292976704680e-01 3.670425747326443444e-01
4.350000000000000533e-01 4.199516088958464843e-01 4.203809998864655451e-01
4.899999999999999911e-01 4.775117523159990718e-01 4.762575983751924369e-01
5.449999999999999289e-01 5.292829061369258570e-01 5.285660401467328073e-01
6.000000000000000888e-01 5.838752764081081015e-01 5.817205396965752229e-01
6.550000000000000266e-01 6.365257704213223011e-01 6.389949727755402931e-01
7.099999999999999645e-01 6.923638726315786140e-01 6.901998609232085080e-01
7.649999999999999023e-01 7.469562429027607475e-01 7.460028891703441856e-01
8.200000000000000622e-01 8.043331904495203410e-01 8.030198264037391453e-01
8.750000000000000000e-01 8.544555814099077384e-01 8.556225491416453721e-01
9.299999999999999378e-01 9.100372093974133936e-01 9.115359327511679544e-01
9.850000000000000977e-01 9.650692497647398449e-01 9.663457627368186031e-01
1.040000000000000036e+00 1.019771537559958086e+00 1.019426692045069416e+00
1.094999999999999973e+00 1.072531949097208059e+00 1.071735133816609675e+00
1.149999999999999911e+00 1.127380793591140851e+00 1.129119922257962427e+00
1.205000000000000071e+00 1.182229638085074086e+00 1.182090496203826113e+00
1.260000000000000009e+00 1.235319802194431604e+00 1.236937111310272064e+00
1.314999999999999947e+00 1.291011347705973700e+00 1.291121594242395254e+00
1.370000000000000107e+00 1.342562666478828381e+00 1.345416432536905571e+00
1.425000000000000044e+00 1.400562479995124399e+00 1.398901998173909478e+00
1.479999999999999982e+00 1.454825097694198988e+00 1.454116464488313332e+00
1.535000000000000142e+00 1.510370086507025977e+00 1.509845922493857850e+00
1.589999999999999858e+00 1.560309281594020714e+00 1.561749727936645016e+00
1.645000000000000018e+00 1.614828373515845072e+00 1.614904227486487542e+00
1.700000000000000178e+00 1.670519919027386946e+00 1.671148677183171616e+00
1.754999999999999893e+00 1.725735155268106835e+00 1.726878135188715024e+00
1.810000000000000053e+00 1.782818989417436661e+00 1.783012229523012637e+00
1.865000000000000213e+00 1.833710803046076254e+00 1.837490993421501351e+00
1.919999999999999929e+00 1.891087750592834960e+00 1.890939773937709401e+00
1.975000000000000089e+00 1.942895543588440743e+00 1.947147438513598505e+00
2.029999999999999805e+00 1.998330614877232181e+00 2.000081227338666334e+00
2.084999999999999964e+00 2.053619129467308735e+00 2.053125371526121512e+00
2.140000000000000124e+00 2.104987252366770090e+00 2.108670903927686968e+00
2.194999999999999840e+00 2.161777973118670371e+00 2.163480733913337506e+00
2.250000000000000000e+00 2.217652714503606237e+00 2.215421324476920528e+00
2.305000000000000160e+00 2.269826899245997343e+00 2.271960055139971235e+00
2.359999999999999876e+00 2.324565826215894582e+00 2.324378852273898843e+00
2.415000000000000036e+00 2.380037536679365129e+00 2.379225467380344572e+00
2.470000000000000195e+00 2.435472607968155234e+00 2.433226024708489366e+00
2.524999999999999911e+00 2.489405473095122723e+00 2.488477276143687966e+00
2.580000000000000071e+00 2.541762853710907155e+00 2.540932858398412098e+00
2.635000000000000231e+00 2.597894069318592791e+00 2.597471589061461916e+00
2.689999999999999947e+00 2.652852831336561579e+00 2.651508931510402345e+00
2.745000000000000107e+00 2.707994789227924581e+00 2.706944108549580896e+00
2.799999999999999822e+00 2.762880272896533818e+00 2.762379285588759004e+00
2.854999999999999982e+00 2.816043715355250665e+00 2.813657743978018821e+00
2.910000000000000142e+00 2.872504683535044290e+00 2.850847501102510062e+00
2.964999999999999858e+00 2.926657383710082438e+00 2.852613186900706310e+00
3.020000000000000018e+00 2.982055815824195211e+00 2.853422459558212054e+00
3.075000000000000178e+00 3.034926144885479626e+00 2.852098195209565201e+00
3.129999999999999893e+00 3.093035875925813638e+00 2.850332509411370729e+00
3.185000000000000053e+00 3.150156349249821019e+00 2.852208550571952550e+00
3.240000000000000213e+00 3.202403812341569900e+00 2.852797112504684485e+00
3.294999999999999929e+00 3.253588739367640148e+00 2.851104996948080839e+00
3.350000000000000089e+00 3.311332078661184841e+00 2.852245335692748185e+00
3.404999999999999805e+00 3.364055851023756816e+00 2.854121376853331338e+00
3.459999999999999964e+00 3.423631149051234779e+00 2.851436063035242885e+00
3.514999999999999680e+00 3.474559601854552593e+00 2.854194947094923052e+00
3.570000000000000284e+00 3.530580899938203565e+00 2.854930649510837526e+00
3.625000000000000000e+00 3.588580713454498472e+00 2.855850277530731507e+00
3.679999999999999716e+00 3.642330382708072634e+00 2.857505607966539074e+00
3.735000000000000320e+00 3.695164072594678384e+00 2.858278095503249627e+00
3.790000000000000036e+00 3.750635783058149375e+00 2.863611938018631342e+00
3.844999999999999751e+00 3.803725947167507559e+00 2.867400805460592839e+00
3.900000000000000355e+00 3.860370111220694067e+00 2.874721044498944611e+00
3.955000000000000071e+00 3.913533553679409138e+00 2.878509911940906107e+00
4.009999999999999787e+00 3.968382398173341041e+00 2.884800167596977438e+00
4.065000000000000391e+00 4.025392953973314647e+00 2.888405109434959428e+00
4.120000000000000107e+00 4.078629674781387493e+00 2.897123183063549323e+00
4.174999999999999822e+00 4.132965570829819413e+00 2.904774488189062698e+00
4.230000000000000426e+00 4.188070889546503750e+00 2.907349446644765578e+00
4.285000000000000142e+00 4.241417527878611260e+00 2.916619297085290885e+00
4.339999999999999858e+00 4.296889238342080475e+00 2.922688842016587962e+00
4.395000000000000462e+00 4.351774722010691931e+00 2.930193006658919685e+00
4.450000000000000178e+00 4.404425216023906131e+00 2.941669964347188859e+00
4.504999999999999893e+00 4.458834390421695382e+00 2.945532402030742070e+00
4.559999999999999609e+00 4.515331997776167228e+00 2.952190508894769749e+00
4.615000000000000213e+00 4.570730429890280888e+00 2.962379987355189925e+00
4.669999999999999929e+00 4.622281748663135126e+00 2.967787400112163798e+00
4.724999999999999645e+00 4.678815995192286081e+00 2.977756167847808388e+00
4.780000000000000249e+00 4.732565664445858467e+00 2.985333902731730493e+00
4.834999999999999964e+00 4.785289436808429997e+00 2.992801282253266137e+00
4.889999999999999680e+00 4.842446549307117820e+00 3.004756446511880785e+00
4.945000000000000284e+00 4.894437538176116931e+00 3.013290594536492950e+00
5.000000000000000000e+00 4.950092444512979029e+00 3.020242982366887041e+00
