-5.000000000000000000e-01 -1.838570004724753666e-03 -3.380488657851971057e-02
-4.450000000000000067e-01 1.805650184577995560e-02 -1.364664038245492692e-02
-3.900000000000000133e-01 -1.655374131331523386e-03 -6.142475740124240212e-03
-3.349999999999999645e-01 -8.287064748166426617e-03 -3.346806559648103814e-03
-2.800000000000000266e-01 1.568873240389311897e-03 -6.982778623549200803e-04
-2.249999999999999778e-01 -4.439951406908611113e-03 -1.617905882248386971e-03
-1.699999999999999845e-01 -2.937745245084129927e-03 -5.879224999677045522e-04
-1.149999999999999911e-01 -1.352646672721278739e-02 -1.875401727818557006e-03
-5.999999999999999778e-02 -3.120941118477358039e-03 -1.832861712145789795e-04
-5.000000000000004441e-03 5.232790708253898422e-03 1.214548419023489274e-03
5.000000000000004441e-02 1.461241942598724003e-02 4.546704873629708182e-02
1.049999999999999822e-01 4.426728865323690740e-03 9.788584587022468309e-02
1.600000000000000311e-01 4.264138805515133024e-02 1.529531717014454562e-01
2.149999999999999689e-01 5.524526414460550344e-02 2.076158612039130935e-01
2.700000000000000178e-01 5.136151162866904596e-02 2.645592281957165892e-01
3.249999999999999556e-01 8.287120185230449632e-02 3.170883806920313797e-01
3.800000000000000044e-01 1.260321496237493122e-01 3.724132023688223603e-01
4.350000000000000533e-01 1.453043555047170698e-01 4.284369413407323468e-01
4.899999999999999911e-01 1.684603139016212503e-01 4.829524903600169727e-01
5.449999999999999289e-01 1.697793241900524552e-01 5.363277006346337528e-01
6.000000000000000888e-01 2.032675298463348101e-01 5.915421669490374956e-01
6.550000000000000266e-01 2.343741891485051632e-01 6.463519969346880334e-01
7.099999999999999645e-01 2.514846837234328003e-01 6.994697113637345920e-01
7.649999999999999023e-01 2.815288069599224396e-01 7.565602188387210436e-01
8.200000000000000622e-01 2.683753432502885006e-01 8.126207429314267205e-01
8.750000000000000000e-01 3.194137135776421998e-01 8.644877632534182510e-01
9.299999999999999378e-01 3.359746205323901336e-01 9.187458164271328220e-01
9.850000000000000977e-01 3.568589500992183638e-01 9.772341584923571745e-01
1.040000000000000036e+00 3.702322488569239622e-01 1.030499013404586828e+00
1.094999999999999973e+00 3.910799392490735826e-01 1.083396017108859022e+00
1.149999999999999911e+00 3.749953415651480770e-01 1.137396574437003371e+00
1.205000000000000071e+00 4.362560416278439268e-01 1.194045660462440983e+00
1.260000000000000009e+00 4.758996286301387935e-01 1.247788721945015222e+00
1.314999999999999947e+00 4.744340616429928437e-01 1.302856047776236093e+00
1.370000000000000107e+00 5.257289061930972007e-01 1.354392002011065799e+00
1.425000000000000044e+00 5.150669063616111210e-01 1.411629649969235345e+00
1.479999999999999982e+00 5.280371741978517885e-01 1.466218769230111185e+00
1.535000000000000142e+00 5.619650499502778507e-01 1.520403252162234375e+00
1.589999999999999858e+00 6.171436470163185195e-01 1.571460999826719496e+00
1.645000000000000018e+00 6.239951726812252852e-01 1.628698647784889042e+00
1.700000000000000178e+00 6.642249864783783542e-01 1.685053452843960686e+00
1.754999999999999893e+00 6.683652132170654347e-01 1.740010423312793764e+00
1.810000000000000053e+00 6.591321411980467504e-01 1.795703096197541981e+00
1.865000000000000213e+00 7.153732743297680496e-01 1.851138273236720533e+00
1.919999999999999929e+00 7.672909848494093854e-01 1.905580252014413611e+00
1.975000000000000089e+00 7.623446962677919991e-01 1.959691164704945088e+00
2.029999999999999805e+00 7.980678915794718886e-01 2.014317069086617007e+00
2.084999999999999964e+00 8.364657466426925758e-01 2.068685477622719038e+00
2.140000000000000124e+00 8.252175200163484048e-01 2.124819571957016429e+00
2.194999999999999840e+00 8.727018903998735588e-01 2.179482261459483983e+00
2.250000000000000000e+00 9.167421783636058308e-01 2.232268909801368828e+00
2.305000000000000160e+00 9.293460544530601775e-01 2.287556946357363952e+00
2.359999999999999876e+00 9.595000952135854799e-01 2.343359974604499740e+00
2.415000000000000036e+00 9.771968165833714304e-01 2.396440903912750553e+00
2.470000000000000195e+00 9.997299090107386599e-01 2.451839295831132581e+00
2.524999999999999911e+00 1.003210630605210207e+00 2.505435216830524059e+00
2.580000000000000071e+00 1.050585083464699254e+00 2.559325418796281060e+00
2.635000000000000231e+00 1.078137742823041201e+00 2.616710207237633146e+00
2.689999999999999947e+00 1.062163062663151081e+00 2.669864706787475672e+00
2.745000000000000107e+00 1.118843865891016698e+00 2.725042387981084335e+00
2.799999999999999822e+00 1.145553824231749340e+00 2.781728259127317582e+00
2.854999999999999982e+00 1.123423762725846986e+00 2.834441337227610713e+00
2.910000000000000142e+00 1.203846751145474903e+00 2.891899695910555401e+00
2.964999999999999858e+00 1.201794957363470751e+00 2.930340147142102225e+00
3.020000000000000018e+00 1.217513163300609769e+00 2.930266576900509623e+00
3.075000000000000178e+00 1.214618668500996979e+00 2.930045866175734925e+00
3.129999999999999893e+00 1.210991390207810880e+00 2.930818353712446811e+00
3.185000000000000053e+00 1.198057761546248878e+00 2.930891923954037637e+00
3.240000000000000213e+00 1.220261101401508119e+00 2.932694394873029076e+00
3.294999999999999929e+00 1.220261101401508341e+00 2.931002279316424541e+00
3.350000000000000089e+00 1.171640916602945337e+00 2.929530874484595593e+00
3.404999999999999805e+00 1.200585864599075459e+00 2.930340147142100893e+00
3.459999999999999964e+00 1.177686380424921575e+00 2.930450502504489130e+00
3.514999999999999680e+00 1.209562462395343596e+00 2.931848337094727253e+00
3.570000000000000284e+00 1.192708442043166395e+00 2.932179403181887523e+00
3.625000000000000000e+00 1.188201823557693215e+00 2.931186204920403604e+00
3.679999999999999716e+00 1.150573391162724057e+00 2.933908303859287692e+00
3.735000000000000320e+00 1.152881659167478645e+00 2.935526849174300512e+00
3.790000000000000036e+00 1.114117412357471082e+00 2.939168576133079025e+00
3.844999999999999751e+00 1.139984669680595308e+00 2.943987426957320963e+00
3.900000000000000355e+00 1.112761762894361350e+00 2.948107360486443618e+00
3.955000000000000071e+00 1.070846547061990117e+00 2.951454806478855719e+00
4.009999999999999787e+00 9.988139296437725800e-01 2.956236872182301578e+00
4.065000000000000391e+00 1.014898527327698252e+00 2.961350003972909484e+00
4.120000000000000107e+00 9.837185896761704296e-01 2.965396367260440424e+00
4.174999999999999822e+00 9.269645080989481478e-01 2.975107639150516015e+00
4.230000000000000426e+00 8.767321996145245322e-01 2.978455085142927228e+00
4.285000000000000142e+00 8.691845296307235680e-01 2.985664968818892540e+00
4.339999999999999858e+00 8.351467363542615097e-01 2.990778100609500445e+00
4.395000000000000462e+00 7.922789019802456423e-01 2.996700505057614983e+00
4.450000000000000178e+00 7.600730674377160767e-01 3.004830016753472055e+00
4.504999999999999893e+00 6.689514400119239701e-01 3.011451338496704988e+00
4.559999999999999609e+00 6.545888835378946835e-01 3.016159833958559577e+00
4.615000000000000213e+00 6.338877498444597247e-01 3.027268940438872846e+00
4.669999999999999929e+00 5.524388645338300652e-01 3.031830295417544008e+00
4.724999999999999645e+00 5.562126995257304918e-01 3.041872633394781200e+00
4.780000000000000249e+00 4.977732159132903789e-01 3.048898591466766561e+00
4.834999999999999964e+00 4.579097938629235753e-01 3.055225632243634415e+00
4.889999999999999680e+00 4.333249076535521938e-01 3.064752978529730054e+00
4.945000000000000284e+00 3.961361453547266875e-01 3.073250341433546140e+00
5.000000000000000000e+00 3.589840222305798467e-01 3.082152340666114654e+00
