-5.000000000000000000e-01 6.625079346042441961e-03 -3.137706860600096570e-02
-4.450000000000000067e-01 2.961161878177855002e-03 -1.419841719439100466e-02
-3.900000000000000133e-01 1.003252259115650774e-02 -5.222847720230775273e-03
-3.349999999999999645e-01 -2.429838408273467948e-02 -8.822034663336137837e-04
-2.800000000000000266e-01 4.609924738716919719e-03 -1.832861712145791421e-04
-2.249999999999999778e-01 -2.681271022333608315e-03 1.839895472551046499e-03
-1.699999999999999845e-01 -2.389535316126956480e-02 -1.801831486227079698e-03
-1.149999999999999911e-01 -1.472178257938295274e-03 -2.758244626916284917e-03
-5.999999999999999778e-02 6.588440171363795644e-03 -2.390393418958898595e-03
-5.000000000000004441e-03 1.270718234269765760e-02 -1.176484432699522907e-03
5.000000000000004441e-02 1.406283180580755743e-02 4.432670999162919429e-02
1.049999999999999822e-01 1.864272864063828625e-02 9.906296973568833042e-02
1.600000000000000311e-01 4.450998596376226635e-02 1.516656924735945988e-01
2.149999999999999689e-01 5.191109924884873550e-02 2.060708861304921258e-01
2.700000000000000178e-01 6.828881033020343938e-02 2.651845752492441033e-01
3.249999999999999556e-01 9.749023254908419089e-02 3.177505128663545841e-01
3.800000000000000044e-01 1.061004385985659798e-01 3.735167559926945158e-01
4.350000000000000533e-01 9.675744905551128539e-02 4.274805282000429529e-01
4.899999999999999911e-01 1.143808920759399606e-01 4.819592920985321105e-01
5.449999999999999289e-01 1.868165404156228726e-01 5.364012708762251336e-01
6.000000000000000888e-01 1.928986434122779980e-01 5.908064645331227993e-01
6.550000000000000266e-01 1.892347259444134566e-01 6.445495260156968165e-01
7.099999999999999645e-01 2.483703538757479068e-01 7.013825376451130467e-01
7.649999999999999023e-01 2.686318174730391029e-01 7.567073593219039163e-01
8.200000000000000622e-01 2.726254875130114108e-01 8.106711315292526310e-01
8.750000000000000000e-01 3.191938785295703185e-01 8.648923995821714561e-01
9.299999999999999378e-01 3.044649303087547110e-01 9.177894032864435392e-01
9.850000000000000977e-01 3.364142906285339518e-01 9.756523982981407661e-01
1.040000000000000036e+00 3.461969502677322841e-01 1.027298707895357710e+00
1.094999999999999973e+00 4.054058565484241483e-01 1.080232496720425317e+00
1.149999999999999911e+00 4.067981451862126563e-01 1.136440161296313978e+00
1.205000000000000071e+00 4.375384127415965496e-01 1.192500685389019877e+00
1.260000000000000009e+00 4.521208042636975510e-01 1.246538027837959861e+00
1.314999999999999947e+00 5.033423704644445218e-01 1.300943221494857527e+00
1.370000000000000107e+00 5.252525969222746616e-01 1.357371596795520663e+00
1.425000000000000044e+00 5.020233601760133446e-01 1.412659633351516009e+00
1.479999999999999982e+00 5.699890292049012430e-01 1.464453083431915381e+00
1.535000000000000142e+00 5.952334205584883797e-01 1.522831070134752940e+00
1.589999999999999858e+00 5.997766782186404466e-01 1.574330239248787233e+00
1.645000000000000018e+00 6.234455850610456373e-01 1.632855366434807998e+00
1.700000000000000178e+00 6.628693370152686226e-01 1.686157006467832398e+00
1.754999999999999893e+00 6.876007799233544437e-01 1.742180745439743106e+00
1.810000000000000053e+00 6.999115426153795783e-01 1.795923806922316679e+00
1.865000000000000213e+00 7.328867998261608951e-01 1.849850794008869315e+00
1.919999999999999929e+00 7.391154595215309042e-01 1.908964483127621792e+00
1.975000000000000089e+00 7.582411087037838060e-01 1.959065817651417518e+00
2.029999999999999805e+00 8.051758914671290901e-01 2.016708101938339937e+00
2.084999999999999964e+00 8.185858293995135204e-01 2.069053328830676275e+00
2.140000000000000124e+00 8.533197669948697772e-01 2.124341365386671843e+00
2.194999999999999840e+00 8.772451480600256257e-01 2.178599418560386081e+00
2.250000000000000000e+00 8.988622611204265533e-01 2.232489620526143526e+00
2.305000000000000160e+00 9.209190442769714657e-01 2.287152310028611080e+00
2.359999999999999876e+00 9.232639514564047190e-01 2.342256420980627141e+00
2.415000000000000036e+00 9.725802805738622547e-01 2.395705201496835635e+00
2.470000000000000195e+00 9.789188577932679269e-01 2.450257535636916284e+00
2.524999999999999911e+00 1.007240939819860959e+00 2.505324861468136710e+00
2.580000000000000071e+00 1.025157496237718791e+00 2.556824030582171225e+00
2.635000000000000231e+00 1.056777103985390376e+00 2.613362761245221932e+00
2.689999999999999947e+00 1.094808567301824853e+00 2.670085417512250370e+00
2.745000000000000107e+00 1.123094010153739220e+00 2.724343470685965496e+00
2.799999999999999822e+00 1.143905061371210286e+00 2.781544333523339407e+00
2.854999999999999982e+00 1.132766752268901778e+00 2.834183841382040825e+00
2.910000000000000142e+00 1.144051618069924725e+00 2.891237563736231309e+00
2.964999999999999858e+00 1.182999060753325393e+00 2.929163023276638356e+00
3.020000000000000018e+00 1.215204895295854959e+00 2.927765188686399789e+00
3.075000000000000178e+00 1.216010957138785376e+00 2.929346948880615642e+00
3.129999999999999893e+00 1.217256689077859111e+00 2.926367354096162110e+00
3.185000000000000053e+00 1.218062750920789306e+00 2.926514494579344650e+00
3.240000000000000213e+00 1.202417823333007618e+00 2.930818353712446367e+00
3.294999999999999929e+00 1.192488606995094624e+00 2.929641229846982498e+00
3.350000000000000089e+00 1.210771555159738888e+00 2.930818353712446367e+00
3.404999999999999805e+00 1.200769060472468786e+00 2.928979097672658849e+00
3.459999999999999964e+00 1.176184174263097404e+00 2.929015882793454928e+00
3.514999999999999680e+00 1.189117802924659184e+00 2.929935510813348465e+00
3.570000000000000284e+00 1.205055843909870195e+00 2.930855138833241558e+00
3.625000000000000000e+00 1.178052772171708007e+00 2.929494089363799958e+00
3.679999999999999716e+00 1.189337637972731176e+00 2.928500891102314263e+00
3.735000000000000320e+00 1.158597370417347117e+00 2.931885122215522888e+00
3.790000000000000036e+00 1.151526009704368469e+00 2.936777543281356095e+00
3.844999999999999751e+00 1.120126237004769099e+00 2.938690369562733995e+00
3.900000000000000355e+00 1.091181289008638755e+00 2.944980625218805770e+00
3.955000000000000071e+00 1.061686753392328653e+00 2.950939814787715942e+00
4.009999999999999787e+00 1.039263578488997641e+00 2.957119715081399036e+00
4.065000000000000391e+00 9.957728781454452394e-01 2.961938565905641862e+00
4.120000000000000107e+00 9.618816415676975096e-01 2.963961747549406667e+00
4.174999999999999822e+00 9.242165699980495752e-01 2.973268383110728941e+00
4.230000000000000426e+00 9.055305909119401031e-01 2.978013663693378721e+00
4.285000000000000142e+00 8.578263854803434008e-01 2.984634985436612542e+00
4.339999999999999858e+00 8.284784065627480709e-01 2.992323075682921996e+00
4.395000000000000462e+00 7.838518918041572636e-01 2.999312248634112166e+00
4.450000000000000178e+00 7.436953563563615255e-01 3.003873603612782883e+00
4.504999999999999893e+00 7.016335838252759638e-01 3.014541288643546757e+00
4.559999999999999609e+00 6.612938525040868987e-01 3.017815164394368477e+00
4.615000000000000213e+00 6.119775233866295849e-01 3.023590428359299143e+00
4.669999999999999929e+00 5.769871115685225593e-01 3.034074187786085286e+00
4.724999999999999645e+00 5.439019368337054683e-01 3.040621939287726505e+00
4.780000000000000249e+00 5.046613807528758100e-01 3.049707864124273637e+00
4.834999999999999964e+00 4.463318146644714712e-01 3.057285599008194854e+00
4.889999999999999680e+00 4.257039593203939543e-01 3.064311557080181547e+00
4.945000000000000284e+00 3.862435681914923036e-01 3.076524217184366528e+00
5.000000000000000000e+00 3.712215065732474839e-01 3.081784489458157417e+00
